Theta [deg.]  Phi   [deg.]  Abs(Dir.)[      ]   Abs(Theta)[      ]  Phase(Theta)[deg.]  Abs(Phi  )[      ]  Phase(Phi  )[deg.]  Ax.Ratio[      ]    
------------------------------------------------------------------------------------------------------------------------------------------------------
   0.000           0.000            7.271e+01           8.549e-22             304.206           7.271e+01             259.606           3.162e+02     
   1.000           0.000            7.224e+01           2.153e-13             252.019           7.224e+01             259.559           3.162e+02     
   2.000           0.000            7.085e+01           8.413e-13             251.575           7.085e+01             259.419           3.162e+02     
   3.000           0.000            6.858e+01           1.820e-12             250.833           6.858e+01             259.190           3.162e+02     
   4.000           0.000            6.554e+01           3.061e-12             249.791           6.554e+01             258.878           3.162e+02     
   5.000           0.000            6.183e+01           4.452e-12             248.447           6.183e+01             258.491           3.162e+02     
   6.000           0.000            5.760e+01           5.866e-12             246.797           5.760e+01             258.039           3.162e+02     
   7.000           0.000            5.299e+01           7.177e-12             244.835           5.299e+01             257.537           3.162e+02     
   8.000           0.000            4.816e+01           8.272e-12             242.551           4.816e+01             257.000           3.162e+02     
   9.000           0.000            4.325e+01           9.060e-12             239.935           4.325e+01             256.446           3.162e+02     
  10.000           0.000            3.841e+01           9.480e-12             236.969           3.841e+01             255.896           3.162e+02     
  11.000           0.000            3.374e+01           9.508e-12             233.630           3.374e+01             255.372           3.162e+02     
  12.000           0.000            2.935e+01           9.154e-12             229.884           2.935e+01             254.897           3.162e+02     
  13.000           0.000            2.531e+01           8.465e-12             225.687           2.531e+01             254.494           3.162e+02     
  14.000           0.000            2.166e+01           7.512e-12             220.975           2.166e+01             254.181           3.162e+02     
  15.000           0.000            1.844e+01           6.387e-12             215.655           1.844e+01             253.974           3.162e+02     
  16.000           0.000            1.563e+01           5.187e-12             209.595           1.563e+01             253.879           3.162e+02     
  17.000           0.000            1.323e+01           4.008e-12             202.592           1.323e+01             253.890           3.162e+02     
  18.000           0.000            1.121e+01           2.931e-12             194.329           1.121e+01             253.984           3.162e+02     
  19.000           0.000            9.518e+00           2.016e-12             184.286           9.518e+00             254.121           3.162e+02     
  20.000           0.000            8.120e+00           1.301e-12             171.568           8.120e+00             254.245           3.162e+02     
  21.000           0.000            6.966e+00           7.967e-13             154.652           6.966e+00             254.282           3.162e+02     
  22.000           0.000            6.013e+00           4.942e-13             131.395           6.013e+00             254.154           3.162e+02     
  23.000           0.000            5.218e+00           3.690e-13             101.252           5.218e+00             253.783           3.162e+02     
  24.000           0.000            4.549e+00           3.885e-13              69.724           4.549e+00             253.099           3.162e+02     
  25.000           0.000            3.975e+00           5.189e-13              43.532           3.975e+00             252.052           3.162e+02     
  26.000           0.000            3.474e+00           7.302e-13              23.250           3.474e+00             250.613           3.162e+02     
  27.000           0.000            3.030e+00           9.978e-13               6.879           3.030e+00             248.775           3.162e+02     
  28.000           0.000            2.631e+00           1.303e-12             352.876           2.631e+00             246.552           3.162e+02     
  29.000           0.000            2.270e+00           1.628e-12             340.393           2.270e+00             243.976           3.162e+02     
  30.000           0.000            1.942e+00           1.956e-12             328.989           1.942e+00             241.095           3.162e+02     
  31.000           0.000            1.647e+00           2.267e-12             318.423           1.647e+00             237.968           3.162e+02     
  32.000           0.000            1.383e+00           2.535e-12             308.543           1.383e+00             234.670           3.162e+02     
  33.000           0.000            1.149e+00           2.736e-12             299.224           1.149e+00             231.271           3.162e+02     
  34.000           0.000            9.457e-01           2.846e-12             290.347           9.457e-01             227.864           3.162e+02     
  35.000           0.000            7.715e-01           2.850e-12             281.791           7.715e-01             224.540           3.162e+02     
  36.000           0.000            6.252e-01           2.746e-12             273.423           6.252e-01             221.389           3.162e+02     
  37.000           0.000            5.051e-01           2.543e-12             265.101           5.051e-01             218.493           3.162e+02     
  38.000           0.000            4.085e-01           2.265e-12             256.676           4.085e-01             215.912           3.162e+02     
  39.000           0.000            3.329e-01           1.943e-12             247.991           3.329e-01             213.661           3.162e+02     
  40.000           0.000            2.750e-01           1.610e-12             238.892           2.750e-01             211.692           3.162e+02     
  41.000           0.000            2.319e-01           1.295e-12             229.251           2.319e-01             209.871           3.162e+02     
  42.000           0.000            2.004e-01           1.020e-12             218.997           2.004e-01             208.008           3.162e+02     
  43.000           0.000            1.777e-01           7.937e-13             208.174           1.777e-01             205.846           3.162e+02     
  44.000           0.000            1.616e-01           6.155e-13             196.988           1.616e-01             203.142           3.162e+02     
  45.000           0.000            1.499e-01           4.786e-13             185.820           1.499e-01             199.707           3.162e+02     
  46.000           0.000            1.409e-01           3.727e-13             175.157           1.409e-01             195.432           3.162e+02     
  47.000           0.000            1.336e-01           2.882e-13             165.490           1.336e-01             190.284           3.162e+02     
  48.000           0.000            1.270e-01           2.183e-13             157.227           1.270e-01             184.295           3.162e+02     
  49.000           0.000            1.204e-01           1.595e-13             150.704           1.204e-01             177.535           3.162e+02     
  50.000           0.000            1.137e-01           1.110e-13             146.255           1.137e-01             170.096           3.162e+02     
  51.000           0.000            1.066e-01           7.330e-14             144.332           1.066e-01             162.074           3.162e+02     
  52.000           0.000            9.912e-02           4.635e-14             145.548           9.912e-02             153.550           3.162e+02     
  53.000           0.000            9.123e-02           2.921e-14             150.519           9.123e-02             144.636           3.162e+02     
  54.000           0.000            8.303e-02           1.978e-14             158.831           8.303e-02             135.385           3.162e+02     
  55.000           0.000            7.468e-02           1.541e-14             167.930           7.468e-02             125.851           3.162e+02     
  56.000           0.000            6.635e-02           1.355e-14             174.214           6.635e-02             116.073           3.162e+02     
  57.000           0.000            5.822e-02           1.241e-14             175.673           5.822e-02             106.077           3.162e+02     
  58.000           0.000            5.048e-02           1.110e-14             172.021           5.048e-02              95.882           3.162e+02     
  59.000           0.000            4.329e-02           9.542e-15             163.397           4.329e-02              85.500           3.162e+02     
  60.000           0.000            3.679e-02           8.119e-15             149.918           3.679e-02              74.949           3.162e+02     
  61.000           0.000            3.104e-02           7.279e-15             132.259           3.104e-02              64.255           3.162e+02     
  62.000           0.000            2.607e-02           7.297e-15             112.455           2.607e-02              53.458           3.162e+02     
  63.000           0.000            2.186e-02           8.183e-15              93.258           2.186e-02              42.615           3.162e+02     
  64.000           0.000            1.834e-02           9.735e-15              76.326           1.834e-02              31.794           3.162e+02     
  65.000           0.000            1.543e-02           1.164e-14              61.839           1.543e-02              21.065           3.162e+02     
  66.000           0.000            1.303e-02           1.358e-14              49.343           1.303e-02              10.474           3.162e+02     
  67.000           0.000            1.106e-02           1.529e-14              38.321           1.106e-02               0.091           3.162e+02     
  68.000           0.000            9.455e-03           1.658e-14              28.436           9.455e-03             349.895           3.162e+02     
  69.000           0.000            8.139e-03           1.732e-14              19.455           8.139e-03             339.845           3.162e+02     
  70.000           0.000            7.066e-03           1.746e-14              11.214           7.066e-03             329.870           3.162e+02     
  71.000           0.000            6.197e-03           1.699e-14               3.549           6.197e-03             319.872           3.162e+02     
  72.000           0.000            5.499e-03           1.598e-14             356.292           5.499e-03             309.761           3.162e+02     
  73.000           0.000            4.942e-03           1.456e-14             349.235           4.942e-03             299.456           3.162e+02     
  74.000           0.000            4.497e-03           1.288e-14             342.126           4.497e-03             288.902           3.162e+02     
  75.000           0.000            4.137e-03           1.112e-14             334.685           4.137e-03             278.069           3.162e+02     
  76.000           0.000            3.836e-03           9.423e-15             326.625           3.836e-03             266.939           3.162e+02     
  77.000           0.000            3.567e-03           7.910e-15             317.705           3.567e-03             255.483           3.162e+02     
  78.000           0.000            3.310e-03           6.634e-15             307.780           3.310e-03             243.639           3.162e+02     
  79.000           0.000            3.049e-03           5.592e-15             296.853           3.049e-03             231.299           3.162e+02     
  80.000           0.000            2.779e-03           4.728e-15             284.994           2.779e-03             218.295           3.162e+02     
  81.000           0.000            2.506e-03           3.964e-15             272.139           2.506e-03             204.413           3.162e+02     
  82.000           0.000            2.247e-03           3.236e-15             257.768           2.247e-03             189.422           3.162e+02     
  83.000           0.000            2.024e-03           2.548e-15             240.540           2.024e-03             173.162           3.162e+02     
  84.000           0.000            1.862e-03           2.017e-15             218.199           1.862e-03             155.665           3.162e+02     
  85.000           0.000            1.779e-03           1.880e-15             189.544           1.779e-03             137.283           3.162e+02     
  86.000           0.000            1.779e-03           2.460e-15             159.806           1.779e-03             118.655           3.162e+02     
  87.000           0.000            1.849e-03           4.060e-15             136.361           1.849e-03             100.468           3.162e+02     
  88.000           0.000            1.963e-03           6.826e-15             119.848           1.963e-03              83.166           3.162e+02     
  89.000           0.000            2.086e-03           1.062e-14             107.842           2.086e-03              66.857           3.162e+02     
  90.000           0.000            2.181e-03           1.494e-14              98.409           2.181e-03              51.389           3.162e+02     
  91.000           0.000            2.220e-03           1.900e-14              90.362           2.220e-03              36.481           3.162e+02     
  92.000           0.000            2.187e-03           2.189e-14              82.969           2.187e-03              21.836           3.162e+02     
  93.000           0.000            2.080e-03           2.282e-14              75.689           2.080e-03               7.158           3.162e+02     
  94.000           0.000            1.909e-03           2.144e-14              68.028           1.909e-03             352.176           3.162e+02     
  95.000           0.000            1.694e-03           1.795e-14              59.373           1.694e-03             336.634           3.162e+02     
  96.000           0.000            1.457e-03           1.315e-14              48.740           1.457e-03             320.268           3.162e+02     
  97.000           0.000            1.219e-03           8.217e-15              34.142           1.219e-03             302.776           3.162e+02     
  98.000           0.000            9.997e-04           4.410e-15              10.868           9.997e-04             283.792           3.162e+02     
  99.000           0.000            8.167e-04           2.711e-15             331.293           8.167e-04             262.919           3.162e+02     
 100.000           0.000            6.835e-04           3.604e-15             286.275           6.835e-04             239.879           3.162e+02     
 101.000           0.000            6.104e-04           7.026e-15             256.326           6.104e-04             214.924           3.162e+02     
 102.000           0.000            6.019e-04           1.250e-14             236.515           6.019e-04             189.208           3.162e+02     
 103.000           0.000            6.542e-04           1.937e-14             220.828           6.542e-04             164.423           3.162e+02     
 104.000           0.000            7.538e-04           2.694e-14             206.816           7.538e-04             141.735           3.162e+02     
 105.000           0.000            8.779e-04           3.457e-14             193.573           8.779e-04             121.333           3.162e+02     
 106.000           0.000            9.982e-04           4.150e-14             180.755           9.982e-04             102.741           3.162e+02     
 107.000           0.000            1.088e-03           4.675e-14             168.200           1.088e-03              85.251           3.162e+02     
 108.000           0.000            1.129e-03           4.915e-14             155.699           1.129e-03              68.136           3.162e+02     
 109.000           0.000            1.120e-03           4.765e-14             142.843           1.120e-03              50.693           3.162e+02     
 110.000           0.000            1.077e-03           4.194e-14             128.825           1.077e-03              32.286           3.162e+02     
 111.000           0.000            1.029e-03           3.307e-14             112.052           1.029e-03              12.464           3.162e+02     
 112.000           0.000            1.013e-03           2.394e-14              89.490           1.013e-03             351.259           3.162e+02     
 113.000           0.000            1.060e-03           1.894e-14              57.465           1.060e-03             329.423           3.162e+02     
 114.000           0.000            1.188e-03           2.301e-14              20.493           1.188e-03             308.198           3.162e+02     
 115.000           0.000            1.397e-03           4.005e-14             351.176           1.397e-03             288.627           3.162e+02     
 116.000           0.000            1.663e-03           7.142e-14             331.040           1.663e-03             271.053           3.162e+02     
 117.000           0.000            1.951e-03           1.150e-13             316.162           1.951e-03             255.309           3.162e+02     
 118.000           0.000            2.218e-03           1.656e-13             303.881           2.218e-03             241.005           3.162e+02     
 119.000           0.000            2.427e-03           2.160e-13             292.791           2.427e-03             227.748           3.162e+02     
 120.000           0.000            2.549e-03           2.593e-13             282.130           2.549e-03             215.222           3.162e+02     
 121.000           0.000            2.570e-03           2.905e-13             271.459           2.570e-03             203.191           3.162e+02     
 122.000           0.000            2.490e-03           3.075e-13             260.550           2.490e-03             191.503           3.162e+02     
 123.000           0.000            2.320e-03           3.105e-13             249.341           2.320e-03             180.072           3.162e+02     
 124.000           0.000            2.075e-03           3.008e-13             237.910           2.075e-03             168.869           3.162e+02     
 125.000           0.000            1.775e-03           2.792e-13             226.427           1.775e-03             157.914           3.162e+02     
 126.000           0.000            1.439e-03           2.454e-13             215.060           1.439e-03             147.256           3.162e+02     
 127.000           0.000            1.088e-03           1.995e-13             203.846           1.088e-03             136.969           3.162e+02     
 128.000           0.000            7.457e-04           1.439e-13             192.495           7.457e-04             127.145           3.162e+02     
 129.000           0.000            4.371e-04           8.540e-14             179.902           4.371e-04             117.877           3.162e+02     
 130.000           0.000            1.909e-04           3.565e-14             161.899           1.909e-04             109.610           3.162e+02     
 131.000           0.000            3.769e-05           9.283e-15             115.421           3.769e-05             104.575           3.162e+02     
 132.000           0.000            4.904e-06           1.914e-14              37.329           4.904e-06             249.156           3.162e+02     
 133.000           0.000            1.119e-04           7.075e-14              11.188           1.119e-04             256.573           3.162e+02     
 134.000           0.000            3.647e-04           1.580e-13             359.453           3.647e-04             250.277           3.162e+02     
 135.000           0.000            7.527e-04           2.627e-13             351.787           7.527e-04             242.961           3.162e+02     
 136.000           0.000            1.247e-03           3.581e-13             345.918           1.247e-03             235.327           3.162e+02     
 137.000           0.000            1.805e-03           4.172e-13             341.097           1.805e-03             227.445           3.162e+02     
 138.000           0.000            2.374e-03           4.214e-13             337.043           2.374e-03             219.250           3.162e+02     
 139.000           0.000            2.902e-03           3.676e-13             333.712           2.902e-03             210.621           3.162e+02     
 140.000           0.000            3.349e-03           2.705e-13             331.326           3.349e-03             201.430           3.162e+02     
 141.000           0.000            3.689e-03           1.581e-13             330.740           3.689e-03             191.465           3.162e+02     
 142.000           0.000            3.927e-03           6.344e-14             335.310           3.927e-03             180.572           3.162e+02     
 143.000           0.000            4.092e-03           1.371e-14               5.744           4.092e-03             168.613           3.162e+02     
 144.000           0.000            4.235e-03           2.215e-14              80.808           4.235e-03             155.539           3.162e+02     
 145.000           0.000            4.421e-03           8.467e-14              97.395           4.421e-03             141.450           3.162e+02     
 146.000           0.000            4.718e-03           1.829e-13              97.841           4.718e-03             126.636           3.162e+02     
 147.000           0.000            5.181e-03           2.922e-13              93.609           5.181e-03             111.531           3.162e+02     
 148.000           0.000            5.842e-03           3.914e-13              86.698           5.842e-03              96.570           3.162e+02     
 149.000           0.000            6.706e-03           4.710e-13              77.543           6.706e-03              82.061           3.162e+02     
 150.000           0.000            7.753e-03           5.361e-13              66.298           7.753e-03              68.108           3.162e+02     
 151.000           0.000            8.944e-03           6.044e-13              53.342           8.944e-03              54.659           3.162e+02     
 152.000           0.000            1.024e-02           6.982e-13              39.513           1.024e-02              41.565           3.162e+02     
 153.000           0.000            1.161e-02           8.354e-13              25.933           1.161e-02              28.649           3.162e+02     
 154.000           0.000            1.305e-02           1.022e-12              13.517           1.305e-02              15.746           3.162e+02     
 155.000           0.000            1.462e-02           1.245e-12               2.648           1.462e-02               2.742           3.162e+02     
 156.000           0.000            1.640e-02           1.480e-12             353.262           1.640e-02             349.589           3.162e+02     
 157.000           0.000            1.853e-02           1.689e-12             345.071           1.853e-02             336.324           3.162e+02     
 158.000           0.000            2.120e-02           1.837e-12             337.728           2.120e-02             323.053           3.162e+02     
 159.000           0.000            2.466e-02           1.896e-12             330.896           2.466e-02             309.953           3.162e+02     
 160.000           0.000            2.916e-02           1.855e-12             324.254           2.916e-02             297.217           3.162e+02     
 161.000           0.000            3.500e-02           1.719e-12             317.480           3.500e-02             285.022           3.162e+02     
 162.000           0.000            4.248e-02           1.512e-12             310.224           4.248e-02             273.506           3.162e+02     
 163.000           0.000            5.191e-02           1.268e-12             302.078           5.191e-02             262.753           3.162e+02     
 164.000           0.000            6.356e-02           1.024e-12             292.567           6.356e-02             252.803           3.162e+02     
 165.000           0.000            7.769e-02           8.110e-13             281.211           7.769e-02             243.660           3.162e+02     
 166.000           0.000            9.450e-02           6.529e-13             267.763           9.450e-02             235.305           3.162e+02     
 167.000           0.000            1.141e-01           5.578e-13             252.651           1.141e-01             227.710           3.162e+02     
 168.000           0.000            1.364e-01           5.211e-13             237.214           1.364e-01             220.840           3.162e+02     
 169.000           0.000            1.612e-01           5.272e-13             223.109           1.612e-01             214.660           3.162e+02     
 170.000           0.000            1.883e-01           5.546e-13             211.333           1.883e-01             209.135           3.162e+02     
 171.000           0.000            2.170e-01           5.806e-13             202.007           2.170e-01             204.234           3.162e+02     
 172.000           0.000            2.467e-01           5.862e-13             194.782           2.467e-01             199.928           3.162e+02     
 173.000           0.000            2.764e-01           5.595e-13             189.219           2.764e-01             196.189           3.162e+02     
 174.000           0.000            3.052e-01           4.972e-13             184.939           3.052e-01             192.996           3.162e+02     
 175.000           0.000            3.319e-01           4.047e-13             181.664           3.319e-01             190.327           3.162e+02     
 176.000           0.000            3.556e-01           2.943e-13             179.193           3.556e-01             188.166           3.162e+02     
 177.000           0.000            3.753e-01           1.825e-13             177.388           3.753e-01             186.500           3.162e+02     
 178.000           0.000            3.900e-01           8.692e-14             176.155           3.900e-01             185.317           3.162e+02     
 179.000           0.000            3.991e-01           2.264e-14             175.434           3.991e-01             184.611           3.162e+02     
 180.000         180.000            4.022e-01           6.650e-22             265.224           4.022e-01               4.376           3.162e+02     
 179.000         180.000            3.991e-01           2.264e-14             175.434           3.991e-01               4.611           3.162e+02     
 178.000         180.000            3.900e-01           8.692e-14             176.155           3.900e-01               5.317           3.162e+02     
 177.000         180.000            3.753e-01           1.825e-13             177.388           3.753e-01               6.500           3.162e+02     
 176.000         180.000            3.556e-01           2.943e-13             179.193           3.556e-01               8.166           3.162e+02     
 175.000         180.000            3.319e-01           4.047e-13             181.664           3.319e-01              10.327           3.162e+02     
 174.000         180.000            3.052e-01           4.972e-13             184.939           3.052e-01              12.996           3.162e+02     
 173.000         180.000            2.764e-01           5.595e-13             189.219           2.764e-01              16.189           3.162e+02     
 172.000         180.000            2.467e-01           5.862e-13             194.782           2.467e-01              19.928           3.162e+02     
 171.000         180.000            2.170e-01           5.806e-13             202.007           2.170e-01              24.234           3.162e+02     
 170.000         180.000            1.883e-01           5.546e-13             211.333           1.883e-01              29.135           3.162e+02     
 169.000         180.000            1.612e-01           5.272e-13             223.109           1.612e-01              34.660           3.162e+02     
 168.000         180.000            1.364e-01           5.211e-13             237.214           1.364e-01              40.840           3.162e+02     
 167.000         180.000            1.141e-01           5.578e-13             252.651           1.141e-01              47.710           3.162e+02     
 166.000         180.000            9.450e-02           6.529e-13             267.763           9.450e-02              55.305           3.162e+02     
 165.000         180.000            7.769e-02           8.110e-13             281.211           7.769e-02              63.660           3.162e+02     
 164.000         180.000            6.356e-02           1.024e-12             292.567           6.356e-02              72.803           3.162e+02     
 163.000         180.000            5.191e-02           1.268e-12             302.078           5.191e-02              82.753           3.162e+02     
 162.000         180.000            4.248e-02           1.512e-12             310.224           4.248e-02              93.506           3.162e+02     
 161.000         180.000            3.500e-02           1.719e-12             317.480           3.500e-02             105.022           3.162e+02     
 160.000         180.000            2.916e-02           1.855e-12             324.254           2.916e-02             117.217           3.162e+02     
 159.000         180.000            2.466e-02           1.896e-12             330.896           2.466e-02             129.953           3.162e+02     
 158.000         180.000            2.120e-02           1.837e-12             337.728           2.120e-02             143.053           3.162e+02     
 157.000         180.000            1.853e-02           1.689e-12             345.071           1.853e-02             156.324           3.162e+02     
 156.000         180.000            1.640e-02           1.480e-12             353.262           1.640e-02             169.589           3.162e+02     
 155.000         180.000            1.462e-02           1.245e-12               2.648           1.462e-02             182.742           3.162e+02     
 154.000         180.000            1.305e-02           1.022e-12              13.517           1.305e-02             195.746           3.162e+02     
 153.000         180.000            1.161e-02           8.354e-13              25.933           1.161e-02             208.649           3.162e+02     
 152.000         180.000            1.024e-02           6.982e-13              39.513           1.024e-02             221.565           3.162e+02     
 151.000         180.000            8.944e-03           6.044e-13              53.342           8.944e-03             234.659           3.162e+02     
 150.000         180.000            7.753e-03           5.361e-13              66.298           7.753e-03             248.108           3.162e+02     
 149.000         180.000            6.706e-03           4.710e-13              77.543           6.706e-03             262.061           3.162e+02     
 148.000         180.000            5.842e-03           3.914e-13              86.698           5.842e-03             276.570           3.162e+02     
 147.000         180.000            5.181e-03           2.922e-13              93.609           5.181e-03             291.531           3.162e+02     
 146.000         180.000            4.718e-03           1.829e-13              97.841           4.718e-03             306.636           3.162e+02     
 145.000         180.000            4.421e-03           8.467e-14              97.395           4.421e-03             321.450           3.162e+02     
 144.000         180.000            4.235e-03           2.215e-14              80.808           4.235e-03             335.539           3.162e+02     
 143.000         180.000            4.092e-03           1.371e-14               5.744           4.092e-03             348.613           3.162e+02     
 142.000         180.000            3.927e-03           6.344e-14             335.310           3.927e-03               0.572           3.162e+02     
 141.000         180.000            3.689e-03           1.581e-13             330.740           3.689e-03              11.465           3.162e+02     
 140.000         180.000            3.349e-03           2.705e-13             331.326           3.349e-03              21.430           3.162e+02     
 139.000         180.000            2.902e-03           3.676e-13             333.712           2.902e-03              30.621           3.162e+02     
 138.000         180.000            2.374e-03           4.214e-13             337.043           2.374e-03              39.250           3.162e+02     
 137.000         180.000            1.805e-03           4.172e-13             341.097           1.805e-03              47.445           3.162e+02     
 136.000         180.000            1.247e-03           3.581e-13             345.918           1.247e-03              55.327           3.162e+02     
 135.000         180.000            7.527e-04           2.627e-13             351.787           7.527e-04              62.961           3.162e+02     
 134.000         180.000            3.647e-04           1.580e-13             359.453           3.647e-04              70.277           3.162e+02     
 133.000         180.000            1.119e-04           7.075e-14              11.188           1.119e-04              76.573           3.162e+02     
 132.000         180.000            4.904e-06           1.914e-14              37.329           4.904e-06              69.156           3.162e+02     
 131.000         180.000            3.769e-05           9.283e-15             115.421           3.769e-05             284.575           3.162e+02     
 130.000         180.000            1.909e-04           3.565e-14             161.899           1.909e-04             289.610           3.162e+02     
 129.000         180.000            4.371e-04           8.540e-14             179.902           4.371e-04             297.877           3.162e+02     
 128.000         180.000            7.457e-04           1.439e-13             192.495           7.457e-04             307.145           3.162e+02     
 127.000         180.000            1.088e-03           1.995e-13             203.846           1.088e-03             316.969           3.162e+02     
 126.000         180.000            1.439e-03           2.454e-13             215.060           1.439e-03             327.256           3.162e+02     
 125.000         180.000            1.775e-03           2.792e-13             226.427           1.775e-03             337.914           3.162e+02     
 124.000         180.000            2.075e-03           3.008e-13             237.910           2.075e-03             348.869           3.162e+02     
 123.000         180.000            2.320e-03           3.105e-13             249.341           2.320e-03               0.072           3.162e+02     
 122.000         180.000            2.490e-03           3.075e-13             260.550           2.490e-03              11.503           3.162e+02     
 121.000         180.000            2.570e-03           2.905e-13             271.459           2.570e-03              23.191           3.162e+02     
 120.000         180.000            2.549e-03           2.593e-13             282.130           2.549e-03              35.222           3.162e+02     
 119.000         180.000            2.427e-03           2.160e-13             292.791           2.427e-03              47.748           3.162e+02     
 118.000         180.000            2.218e-03           1.656e-13             303.881           2.218e-03              61.005           3.162e+02     
 117.000         180.000            1.951e-03           1.150e-13             316.162           1.951e-03              75.309           3.162e+02     
 116.000         180.000            1.663e-03           7.142e-14             331.040           1.663e-03              91.053           3.162e+02     
 115.000         180.000            1.397e-03           4.005e-14             351.176           1.397e-03             108.627           3.162e+02     
 114.000         180.000            1.188e-03           2.301e-14              20.493           1.188e-03             128.198           3.162e+02     
 113.000         180.000            1.060e-03           1.894e-14              57.465           1.060e-03             149.423           3.162e+02     
 112.000         180.000            1.013e-03           2.394e-14              89.490           1.013e-03             171.259           3.162e+02     
 111.000         180.000            1.029e-03           3.307e-14             112.052           1.029e-03             192.464           3.162e+02     
 110.000         180.000            1.077e-03           4.194e-14             128.825           1.077e-03             212.286           3.162e+02     
 109.000         180.000            1.120e-03           4.765e-14             142.843           1.120e-03             230.693           3.162e+02     
 108.000         180.000            1.129e-03           4.915e-14             155.699           1.129e-03             248.136           3.162e+02     
 107.000         180.000            1.088e-03           4.675e-14             168.200           1.088e-03             265.251           3.162e+02     
 106.000         180.000            9.982e-04           4.150e-14             180.755           9.982e-04             282.741           3.162e+02     
 105.000         180.000            8.779e-04           3.457e-14             193.573           8.779e-04             301.333           3.162e+02     
 104.000         180.000            7.538e-04           2.694e-14             206.816           7.538e-04             321.735           3.162e+02     
 103.000         180.000            6.542e-04           1.937e-14             220.828           6.542e-04             344.423           3.162e+02     
 102.000         180.000            6.019e-04           1.250e-14             236.515           6.019e-04               9.208           3.162e+02     
 101.000         180.000            6.104e-04           7.026e-15             256.326           6.104e-04              34.924           3.162e+02     
 100.000         180.000            6.835e-04           3.604e-15             286.275           6.835e-04              59.879           3.162e+02     
  99.000         180.000            8.167e-04           2.711e-15             331.293           8.167e-04              82.919           3.162e+02     
  98.000         180.000            9.997e-04           4.410e-15              10.868           9.997e-04             103.792           3.162e+02     
  97.000         180.000            1.219e-03           8.217e-15              34.142           1.219e-03             122.776           3.162e+02     
  96.000         180.000            1.457e-03           1.315e-14              48.740           1.457e-03             140.268           3.162e+02     
  95.000         180.000            1.694e-03           1.795e-14              59.373           1.694e-03             156.634           3.162e+02     
  94.000         180.000            1.909e-03           2.144e-14              68.028           1.909e-03             172.176           3.162e+02     
  93.000         180.000            2.080e-03           2.282e-14              75.689           2.080e-03             187.158           3.162e+02     
  92.000         180.000            2.187e-03           2.189e-14              82.969           2.187e-03             201.836           3.162e+02     
  91.000         180.000            2.220e-03           1.900e-14              90.362           2.220e-03             216.481           3.162e+02     
  90.000         180.000            2.181e-03           1.494e-14              98.409           2.181e-03             231.389           3.162e+02     
  89.000         180.000            2.086e-03           1.062e-14             107.842           2.086e-03             246.857           3.162e+02     
  88.000         180.000            1.963e-03           6.826e-15             119.848           1.963e-03             263.166           3.162e+02     
  87.000         180.000            1.849e-03           4.060e-15             136.361           1.849e-03             280.468           3.162e+02     
  86.000         180.000            1.779e-03           2.460e-15             159.806           1.779e-03             298.655           3.162e+02     
  85.000         180.000            1.779e-03           1.880e-15             189.544           1.779e-03             317.283           3.162e+02     
  84.000         180.000            1.862e-03           2.017e-15             218.199           1.862e-03             335.665           3.162e+02     
  83.000         180.000            2.024e-03           2.548e-15             240.540           2.024e-03             353.162           3.162e+02     
  82.000         180.000            2.247e-03           3.236e-15             257.768           2.247e-03               9.422           3.162e+02     
  81.000         180.000            2.506e-03           3.964e-15             272.139           2.506e-03              24.413           3.162e+02     
  80.000         180.000            2.779e-03           4.728e-15             284.994           2.779e-03              38.295           3.162e+02     
  79.000         180.000            3.049e-03           5.592e-15             296.853           3.049e-03              51.299           3.162e+02     
  78.000         180.000            3.310e-03           6.634e-15             307.780           3.310e-03              63.639           3.162e+02     
  77.000         180.000            3.567e-03           7.910e-15             317.705           3.567e-03              75.483           3.162e+02     
  76.000         180.000            3.836e-03           9.423e-15             326.625           3.836e-03              86.939           3.162e+02     
  75.000         180.000            4.137e-03           1.112e-14             334.685           4.137e-03              98.069           3.162e+02     
  74.000         180.000            4.497e-03           1.288e-14             342.126           4.497e-03             108.902           3.162e+02     
  73.000         180.000            4.942e-03           1.456e-14             349.235           4.942e-03             119.456           3.162e+02     
  72.000         180.000            5.499e-03           1.598e-14             356.292           5.499e-03             129.761           3.162e+02     
  71.000         180.000            6.197e-03           1.699e-14               3.549           6.197e-03             139.872           3.162e+02     
  70.000         180.000            7.066e-03           1.746e-14              11.214           7.066e-03             149.870           3.162e+02     
  69.000         180.000            8.139e-03           1.732e-14              19.455           8.139e-03             159.845           3.162e+02     
  68.000         180.000            9.455e-03           1.658e-14              28.436           9.455e-03             169.895           3.162e+02     
  67.000         180.000            1.106e-02           1.529e-14              38.321           1.106e-02             180.091           3.162e+02     
  66.000         180.000            1.303e-02           1.358e-14              49.343           1.303e-02             190.474           3.162e+02     
  65.000         180.000            1.543e-02           1.164e-14              61.839           1.543e-02             201.065           3.162e+02     
  64.000         180.000            1.834e-02           9.735e-15              76.326           1.834e-02             211.794           3.162e+02     
  63.000         180.000            2.186e-02           8.183e-15              93.258           2.186e-02             222.615           3.162e+02     
  62.000         180.000            2.607e-02           7.297e-15             112.455           2.607e-02             233.458           3.162e+02     
  61.000         180.000            3.104e-02           7.279e-15             132.259           3.104e-02             244.255           3.162e+02     
  60.000         180.000            3.679e-02           8.119e-15             149.918           3.679e-02             254.949           3.162e+02     
  59.000         180.000            4.329e-02           9.542e-15             163.397           4.329e-02             265.500           3.162e+02     
  58.000         180.000            5.048e-02           1.110e-14             172.021           5.048e-02             275.882           3.162e+02     
  57.000         180.000            5.822e-02           1.241e-14             175.673           5.822e-02             286.077           3.162e+02     
  56.000         180.000            6.635e-02           1.355e-14             174.214           6.635e-02             296.073           3.162e+02     
  55.000         180.000            7.468e-02           1.541e-14             167.930           7.468e-02             305.851           3.162e+02     
  54.000         180.000            8.303e-02           1.978e-14             158.831           8.303e-02             315.385           3.162e+02     
  53.000         180.000            9.123e-02           2.921e-14             150.519           9.123e-02             324.636           3.162e+02     
  52.000         180.000            9.912e-02           4.635e-14             145.548           9.912e-02             333.550           3.162e+02     
  51.000         180.000            1.066e-01           7.330e-14             144.332           1.066e-01             342.074           3.162e+02     
  50.000         180.000            1.137e-01           1.110e-13             146.255           1.137e-01             350.096           3.162e+02     
  49.000         180.000            1.204e-01           1.595e-13             150.704           1.204e-01             357.535           3.162e+02     
  48.000         180.000            1.270e-01           2.183e-13             157.227           1.270e-01               4.295           3.162e+02     
  47.000         180.000            1.336e-01           2.882e-13             165.490           1.336e-01              10.284           3.162e+02     
  46.000         180.000            1.409e-01           3.727e-13             175.157           1.409e-01              15.432           3.162e+02     
  45.000         180.000            1.499e-01           4.786e-13             185.820           1.499e-01              19.707           3.162e+02     
  44.000         180.000            1.616e-01           6.155e-13             196.988           1.616e-01              23.142           3.162e+02     
  43.000         180.000            1.777e-01           7.937e-13             208.174           1.777e-01              25.846           3.162e+02     
  42.000         180.000            2.004e-01           1.020e-12             218.997           2.004e-01              28.008           3.162e+02     
  41.000         180.000            2.319e-01           1.295e-12             229.251           2.319e-01              29.871           3.162e+02     
  40.000         180.000            2.750e-01           1.610e-12             238.892           2.750e-01              31.692           3.162e+02     
  39.000         180.000            3.329e-01           1.943e-12             247.991           3.329e-01              33.661           3.162e+02     
  38.000         180.000            4.085e-01           2.265e-12             256.676           4.085e-01              35.912           3.162e+02     
  37.000         180.000            5.051e-01           2.543e-12             265.101           5.051e-01              38.493           3.162e+02     
  36.000         180.000            6.252e-01           2.746e-12             273.423           6.252e-01              41.389           3.162e+02     
  35.000         180.000            7.715e-01           2.850e-12             281.791           7.715e-01              44.540           3.162e+02     
  34.000         180.000            9.457e-01           2.846e-12             290.347           9.457e-01              47.864           3.162e+02     
  33.000         180.000            1.149e+00           2.736e-12             299.224           1.149e+00              51.271           3.162e+02     
  32.000         180.000            1.383e+00           2.535e-12             308.543           1.383e+00              54.670           3.162e+02     
  31.000         180.000            1.647e+00           2.267e-12             318.423           1.647e+00              57.968           3.162e+02     
  30.000         180.000            1.942e+00           1.956e-12             328.989           1.942e+00              61.095           3.162e+02     
  29.000         180.000            2.270e+00           1.628e-12             340.393           2.270e+00              63.976           3.162e+02     
  28.000         180.000            2.631e+00           1.303e-12             352.876           2.631e+00              66.552           3.162e+02     
  27.000         180.000            3.030e+00           9.978e-13               6.879           3.030e+00              68.775           3.162e+02     
  26.000         180.000            3.474e+00           7.302e-13              23.250           3.474e+00              70.613           3.162e+02     
  25.000         180.000            3.975e+00           5.189e-13              43.532           3.975e+00              72.052           3.162e+02     
  24.000         180.000            4.549e+00           3.885e-13              69.724           4.549e+00              73.099           3.162e+02     
  23.000         180.000            5.218e+00           3.690e-13             101.252           5.218e+00              73.783           3.162e+02     
  22.000         180.000            6.013e+00           4.942e-13             131.395           6.013e+00              74.154           3.162e+02     
  21.000         180.000            6.966e+00           7.967e-13             154.652           6.966e+00              74.282           3.162e+02     
  20.000         180.000            8.120e+00           1.301e-12             171.568           8.120e+00              74.245           3.162e+02     
  19.000         180.000            9.518e+00           2.016e-12             184.286           9.518e+00              74.121           3.162e+02     
  18.000         180.000            1.121e+01           2.931e-12             194.329           1.121e+01              73.984           3.162e+02     
  17.000         180.000            1.323e+01           4.008e-12             202.592           1.323e+01              73.890           3.162e+02     
  16.000         180.000            1.563e+01           5.187e-12             209.595           1.563e+01              73.879           3.162e+02     
  15.000         180.000            1.844e+01           6.387e-12             215.655           1.844e+01              73.974           3.162e+02     
  14.000         180.000            2.166e+01           7.512e-12             220.975           2.166e+01              74.181           3.162e+02     
  13.000         180.000            2.531e+01           8.465e-12             225.687           2.531e+01              74.494           3.162e+02     
  12.000         180.000            2.935e+01           9.154e-12             229.884           2.935e+01              74.897           3.162e+02     
  11.000         180.000            3.374e+01           9.508e-12             233.630           3.374e+01              75.372           3.162e+02     
  10.000         180.000            3.841e+01           9.480e-12             236.969           3.841e+01              75.896           3.162e+02     
   9.000         180.000            4.325e+01           9.060e-12             239.935           4.325e+01              76.446           3.162e+02     
   8.000         180.000            4.816e+01           8.272e-12             242.551           4.816e+01              77.000           3.162e+02     
   7.000         180.000            5.299e+01           7.177e-12             244.835           5.299e+01              77.537           3.162e+02     
   6.000         180.000            5.760e+01           5.866e-12             246.797           5.760e+01              78.039           3.162e+02     
   5.000         180.000            6.183e+01           4.452e-12             248.447           6.183e+01              78.491           3.162e+02     
   4.000         180.000            6.554e+01           3.061e-12             249.791           6.554e+01              78.878           3.162e+02     
   3.000         180.000            6.858e+01           1.820e-12             250.833           6.858e+01              79.190           3.162e+02     
   2.000         180.000            7.085e+01           8.413e-13             251.575           7.085e+01              79.419           3.162e+02     
   1.000         180.000            7.224e+01           2.153e-13             252.019           7.224e+01              79.559           3.162e+02     
