Angle	Ae-graph	Phe-graph	Ah-graph	Phh-graph	Ae-emi	Phe-emi	Ah-emi	Phh-emi	Ae-lens	Phe-lens	Ah-lens	Phh-lens
-180.000	-98.048	-131.514	-96.886	45.394	-89.356	25.018	-89.710	105.195	-90.35720062	-157.3543396	-88.87874603	-44.03795624
-179.000	-97.102	-130.756	-97.127	47.836	-89.412	22.861	-89.451	104.175	-90.07642365	-157.9809265	-88.98362732	-46.11507416
-178.000	-97.731	-132.786	-96.485	46.761	-89.619	21.762	-90.294	103.712	-90.01927948	-158.6798553	-89.05363464	-47.94734573
-177.000	-97.387	-131.776	-96.925	47.888	-89.626	18.704	-90.433	101.996	-90.47834778	-157.849884	-88.98332977	-49.36229706
-176.000	-97.788	-132.331	-96.582	43.156	-89.687	16.811	-90.704	100.141	-90.8937912	-156.7256775	-89.12601471	-51.59631729
-175.000	-98.016	-130.593	-96.728	48.036	-90.451	13.218	-91.115	97.637	-91.40997314	-156.2648468	-89.01966858	-52.84951019
-174.000	-97.992	-128.969	-96.218	48.660	-90.519	9.909	-91.812	95.230	-92.18276215	-155.0990448	-89.27957153	-55.40626144
-173.000	-98.081	-135.170	-96.313	45.512	-91.269	5.217	-92.395	91.797	-92.99353027	-154.3434448	-89.29386902	-56.89849854
-172.000	-98.557	-132.200	-96.138	47.064	-91.502	1.475	-93.241	84.562	-93.71315765	-153.7365417	-89.53165436	-59.93670654
-171.000	-99.105	-134.234	-95.847	45.386	-91.459	-3.912	-93.917	81.722	-94.96927643	-153.7180176	-89.80332947	-60.26406479
-170.000	-100.027	-132.628	-95.806	41.385	-91.577	-9.887	-94.234	74.919	-95.52522278	-157.5814056	-89.98713684	-63.69157028
-169.000	-101.070	-130.590	-96.250	46.352	-91.281	-16.160	-94.695	68.254	-96.7983017	-161.6327209	-90.2430191	-64.64044952
-168.000	-102.126	-127.335	-95.586	42.486	-90.933	-18.384	-95.445	60.407	-97.33837891	-165.6928558	-90.4213562	-67.1789856
-167.000	-103.946	-115.903	-96.148	46.970	-90.483	-21.201	-94.858	51.982	-97.4461441	-172.9904633	-90.8420639	-70.16564178
-166.000	-105.429	-108.741	-96.625	48.659	-90.413	-21.934	-94.625	45.746	-97.15149689	-178.8440704	-91.37107086	-72.77116394
-165.000	-109.308	-86.854	-96.027	47.328	-89.877	-20.040	-93.843	43.893	-96.85211945	176.0506439	-91.31546021	-75.51810455
-164.000	-112.469	-74.595	-96.617	51.493	-89.953	-17.283	-93.233	38.711	-96.51638794	174.4051819	-91.42695618	-76.22944641
-163.000	-110.111	-15.423	-96.744	55.749	-89.711	-11.551	-93.104	38.916	-95.97195435	177.2194824	-91.7977066	-78.49633026
-162.000	-105.292	15.122	-97.412	58.877	-89.777	-3.316	-92.162	38.576	-95.29264832	-177.8187408	-92.00354767	-78.9017334
-161.000	-104.092	34.792	-96.976	59.453	-89.822	5.576	-91.704	42.787	-94.72507477	-171.9782257	-91.9180069	-80.19329834
-160.000	-102.285	39.086	-97.064	63.411	-89.857	16.462	-91.265	46.422	-94.06624603	-163.4980316	-91.60053253	-81.60385895
-159.000	-100.211	48.787	-97.731	68.126	-89.888	27.869	-91.023	50.568	-93.06807709	-153.3008881	-91.6571579	-81.13389587
-158.000	-99.284	51.116	-97.868	70.818	-89.536	40.939	-90.632	56.338	-92.25292206	-145.1654053	-91.40130615	-79.28826141
-157.000	-99.420	49.982	-98.288	66.421	-89.572	55.983	-90.625	64.526	-91.09036255	-136.2901306	-91.04185486	-78.31210327
-156.000	-99.292	57.060	-98.666	74.983	-88.772	69.409	-90.377	71.011	-90.32137299	-130.0318298	-90.51216125	-75.59293365
-155.000	-99.160	53.962	-98.302	75.572	-88.277	79.615	-90.126	77.432	-89.44818878	-123.9229126	-90.03966522	-78.34755707
-154.000	-99.108	53.227	-98.350	72.432	-88.075	90.737	-90.435	85.799	-88.86743927	-118.8140335	-89.48268127	-77.63089752
-153.000	-100.487	54.354	-98.090	77.230	-87.651	100.810	-90.449	91.782	-88.24502563	-115.2780075	-89.18941498	-79.22672272
-152.000	-100.355	39.322	-98.297	78.385	-87.474	108.275	-90.496	98.293	-87.77269745	-112.1923752	-88.56183624	-81.12345886
-151.000	-100.393	21.008	-97.564	74.640	-87.639	112.718	-90.786	102.632	-87.58759308	-108.808815	-88.33152008	-83.8873291
-150.000	-100.167	17.882	-97.681	75.065	-87.998	114.495	-90.913	106.310	-87.46461487	-107.391861	-88.04024506	-86.71395874
-149.000	-99.001	9.520	-97.364	79.084	-88.648	115.715	-91.570	107.226	-87.66499329	-107.1181488	-87.61884308	-90.02336884
-148.000	-97.067	7.097	-96.685	76.396	-89.416	111.698	-91.632	105.838	-87.84230042	-106.3680115	-87.54322815	-94.51878357
-147.000	-96.724	8.953	-97.093	74.896	-90.109	104.649	-92.158	105.836	-88.44611359	-107.7268982	-87.39250946	-99.63724518
-146.000	-96.311	7.195	-97.209	74.913	-89.993	93.944	-91.872	101.463	-89.25481415	-111.1906891	-87.30308533	-106.067955
-145.000	-96.408	15.387	-96.861	70.862	-88.989	82.903	-91.575	97.647	-90.12598419	-115.8027191	-87.18260956	-111.7640533
-144.000	-96.686	18.365	-96.818	69.697	-87.896	77.599	-91.360	94.053	-90.85561371	-123.0028687	-87.14834595	-118.1589813
-143.000	-97.425	24.445	-96.704	65.289	-87.015	75.301	-90.531	92.190	-91.88065338	-134.541275	-87.28094482	-125.1127701
-142.000	-99.392	31.946	-97.456	61.689	-86.237	76.285	-90.088	91.030	-91.95333862	-149.2873383	-87.45404053	-131.2580872
-141.000	-102.195	36.995	-97.327	59.583	-85.691	79.870	-89.807	90.205	-91.27241516	-162.3284607	-87.75281525	-136.6500702
-140.000	-104.567	51.381	-97.862	52.987	-85.835	83.811	-89.862	87.970	-90.33695984	-174.3322601	-88.17339325	-141.3838501
-139.000	-112.932	50.842	-97.465	45.110	-86.120	88.192	-90.078	88.829	-89.31213379	179.1140289	-88.83538055	-145.147644
-138.000	-123.473	-87.151	-98.096	42.246	-86.720	93.486	-90.318	89.070	-88.47492981	175.0623932	-89.76589966	-146.5145874
-137.000	-118.452	-123.148	-98.068	36.389	-87.830	95.519	-91.246	89.830	-87.96635437	173.4241791	-91.4743576	-146.5023956
-136.000	-113.484	-67.282	-97.897	31.398	-89.489	96.679	-92.777	90.342	-87.77586365	173.3897552	-93.28458405	-141.969696
-135.000	-110.105	-39.203	-98.611	26.327	-90.967	92.484	-94.206	90.019	-87.93638611	174.3602142	-95.52948761	-128.7890015
-134.000	-106.791	-6.166	-98.594	21.034	-91.851	87.130	-95.996	88.475	-88.61535645	174.6784058	-96.93618774	-103.1870193
-133.000	-105.574	22.611	-99.191	5.533	-91.719	78.626	-97.750	93.503	-89.69528198	172.2985535	-96.1504364	-79.79161072
-132.000	-102.143	36.368	-99.175	0.879	-90.920	75.085	-99.915	95.620	-91.10532379	167.7074738	-93.98918915	-63.50705719
-131.000	-99.850	57.083	-99.433	-4.682	-89.564	77.900	-101.565	116.702	-92.31393433	157.5536194	-92.10462189	-59.9724617
-130.000	-98.897	61.301	-99.502	-11.190	-88.284	81.942	-101.880	142.935	-92.60470581	139.9872589	-90.12665558	-60.37179565
-129.000	-98.394	71.010	-99.690	-14.890	-87.125	91.058	-99.155	174.261	-91.23635864	123.916626	-89.12133789	-64.98297119
-128.000	-98.845	77.442	-99.874	-23.009	-86.605	98.459	-97.677	-170.402	-89.30609894	114.6538239	-88.19651794	-72.7769928
-127.000	-100.673	69.208	-100.796	-21.053	-85.965	106.816	-94.396	-156.477	-87.62587738	111.8323441	-87.47537994	-81.53443909
-126.000	-102.007	51.229	-100.949	-21.819	-86.009	113.218	-92.354	-151.840	-86.37476349	113.1400299	-86.75593567	-91.3629837
-125.000	-101.210	26.108	-102.711	-27.696	-86.369	118.039	-90.813	-146.485	-85.45927429	114.9654007	-85.85342407	-101.0366898
-124.000	-98.649	14.118	-103.743	-32.754	-87.373	118.974	-90.235	-146.129	-85.2923584	118.4880066	-85.15572357	-109.010437
-123.000	-96.148	6.578	-103.931	-40.430	-88.407	112.367	-89.655	-144.633	-85.74223328	121.1471481	-84.66225433	-117.4814911
-122.000	-94.479	7.800	-104.910	-49.145	-88.924	99.900	-89.404	-144.172	-86.86035919	122.0122757	-84.4129715	-123.8465347
-121.000	-93.585	11.363	-105.880	-54.780	-88.418	85.776	-89.742	-144.986	-88.88866425	119.1690674	-84.33539581	-130.6336212
-120.000	-93.372	16.134	-104.447	-56.787	-86.912	76.068	-90.000	-148.564	-91.93200684	105.6693039	-84.48397064	-137.0598145
-119.000	-94.572	18.637	-105.205	-53.856	-85.601	73.508	-90.628	-154.183	-93.65885162	72.49303436	-84.81016541	-144.0163116
-118.000	-96.200	18.206	-104.514	-58.846	-84.816	73.214	-90.803	-159.632	-91.44397736	40.02995682	-85.35807037	-151.7295227
-117.000	-98.817	7.617	-104.695	-60.753	-84.587	76.695	-90.829	-166.663	-88.25051117	27.77387047	-86.02697754	-160.2320709
-116.000	-100.108	-13.944	-104.006	-61.244	-85.012	77.727	-90.827	-173.483	-86.54784393	24.42080307	-86.45339966	-170.3919067
-115.000	-98.083	-36.872	-104.302	-67.238	-86.196	79.611	-90.919	-173.113	-85.659935	24.12361336	-86.78977966	179.9541321
-114.000	-95.673	-42.644	-104.030	-59.959	-87.924	74.031	-90.687	-173.470	-85.92993927	25.88735199	-86.78534698	170.4120178
-113.000	-94.212	-41.970	-102.955	-68.222	-90.003	60.483	-90.783	-170.789	-87.26486206	27.3151722	-86.82622528	162.0963593
-112.000	-93.101	-36.275	-102.524	-66.609	-90.962	38.798	-91.422	-166.978	-90.14123535	24.58319664	-86.65484619	156.423645
-111.000	-92.734	-29.725	-102.344	-75.668	-89.427	16.600	-92.241	-164.978	-95.39103699	6.599588394	-86.62717438	151.2534943
-110.000	-93.161	-21.009	-101.860	-83.117	-87.538	10.980	-92.816	-157.094	-96.36548615	-61.09101486	-86.74534607	147.7987213
-109.000	-93.772	-9.388	-101.906	-85.978	-86.284	8.644	-93.135	-154.915	-90.74739838	-88.10877991	-86.96378326	142.7223663
-108.000	-95.357	-5.625	-103.033	-95.615	-85.727	10.157	-93.411	-150.246	-87.23711395	-91.69597626	-87.14420319	136.8157654
-107.000	-98.627	-11.556	-102.449	-96.174	-86.024	9.653	-93.978	-147.859	-85.32213593	-89.34913635	-87.57262421	128.4398193
-106.000	-101.177	-29.597	-103.146	-113.607	-86.806	7.248	-93.954	-145.608	-84.55775452	-87.92956543	-87.56318665	120.2392502
-105.000	-99.558	-60.094	-103.751	-128.876	-87.841	-2.187	-94.093	-143.862	-84.70303345	-85.23193359	-87.74642181	109.8956528
-104.000	-96.480	-71.013	-101.028	-132.963	-87.934	-16.743	-94.426	-143.971	-85.95536041	-86.89231873	-87.59752655	99.18854523
-103.000	-93.711	-69.373	-101.365	-137.768	-86.464	-30.680	-93.933	-143.780	-88.32443237	-94.66773224	-87.53704071	90.02339935
-102.000	-91.909	-61.998	-102.049	-139.140	-84.731	-37.427	-94.699	-144.209	-90.50318909	-118.7635651	-87.65298462	81.5572052
-101.000	-90.900	-54.850	-102.770	-142.319	-83.002	-37.453	-94.889	-149.232	-89.5111618	-153.5574799	-87.88477325	73.57382965
-100.000	-91.468	-46.892	-104.683	-149.779	-82.046	-35.421	-94.715	-151.489	-86.58061218	-171.829834	-88.36839294	64.71528625
-99.000	-92.324	-45.980	-105.966	-167.859	-81.641	-31.811	-95.212	-159.004	-84.13670349	-176.6821136	-89.21589661	53.19890594
-98.000	-94.643	-43.477	-107.124	-172.390	-81.779	-28.945	-95.409	-163.051	-82.78684235	-177.4155426	-90.00723267	38.30794907
-97.000	-96.936	-60.026	-107.110	145.756	-82.510	-27.655	-96.592	-168.962	-82.35373688	-176.7410278	-90.79198456	21.20337105
-96.000	-98.631	-93.710	-105.203	130.496	-83.738	-30.794	-96.724	-179.277	-82.89424896	-176.2575531	-91.0273056	-0.213941351
-95.000	-95.178	-117.844	-103.608	124.286	-85.250	-40.957	-98.015	166.213	-84.5454483	-177.7223816	-90.43305969	-21.16450119
-94.000	-92.380	-121.033	-102.510	121.108	-85.771	-58.091	-98.107	150.669	-87.53150177	173.231308	-89.79605103	-37.55057144
-93.000	-90.418	-118.206	-102.393	117.316	-84.969	-75.208	-97.640	129.741	-91.23468018	141.5569611	-89.2145462	-50.2779808
-92.000	-89.655	-114.686	-103.242	104.936	-83.225	-84.508	-95.907	112.537	-89.94098663	91.83851624	-89.028862	-63.30728149
-91.000	-89.540	-108.723	-104.178	106.604	-82.061	-87.352	-94.504	99.814	-85.79537201	72.66805267	-89.03292084	-76.49872589
-90.000	-90.207	-104.472	-103.164	83.029	-81.347	-86.795	-92.716	91.941	-83.17280579	66.2493515	-89.3812027	-90.69805145
-89.000	-91.553	-104.888	-102.749	70.817	-81.312	-85.824	-91.366	84.896	-81.81819153	64.67131042	-89.15392303	-107.6040649
-88.000	-93.988	-114.862	-100.227	62.937	-82.012	-85.908	-90.781	80.834	-81.4464035	63.00407028	-88.55339813	-126.3546753
-87.000	-94.875	-136.751	-100.128	57.644	-83.278	-89.536	-90.041	76.262	-81.97258759	61.70814133	-87.62849426	-143.3408508
-86.000	-93.156	-156.441	-99.141	56.715	-84.711	-101.675	-89.555	70.257	-83.43489838	57.17313385	-86.58018494	-155.1459961
-85.000	-90.487	-165.834	-98.827	60.720	-85.301	-118.944	-89.000	62.565	-85.75270081	45.49573898	-85.70844269	-165.5091248
-84.000	-88.586	-163.718	-98.394	64.360	-84.371	-137.104	-88.676	55.499	-88.40871429	20.68702126	-85.0916748	-173.9704437
-83.000	-87.357	-158.683	-98.060	62.962	-82.628	-145.723	-88.075	47.858	-88.03334045	-15.60616398	-84.96546936	175.998291
-82.000	-87.022	-152.357	-98.815	62.157	-81.440	-148.538	-87.374	41.850	-85.5439682	-39.34178543	-84.9955368	166.4001923
-81.000	-87.240	-146.443	-99.487	56.172	-80.669	-147.578	-86.672	35.698	-83.27344513	-49.49747467	-85.18585968	155.615509
-80.000	-88.330	-143.068	-99.115	54.338	-80.702	-145.264	-86.154	32.453	-81.87628937	-54.25341034	-85.41165924	141.6630707
-79.000	-90.108	-144.089	-100.340	48.031	-81.504	-143.360	-85.844	28.451	-81.31201172	-56.75995255	-85.30632782	127.373436
-78.000	-92.471	-153.809	-99.305	42.996	-82.926	-144.909	-85.604	24.791	-81.39215088	-58.34070206	-85.01950073	112.9499359
-77.000	-93.002	-178.479	-98.167	46.290	-85.294	-153.127	-85.558	19.920	-82.22618866	-60.7377243	-84.47454834	101.2938538
-76.000	-90.873	163.219	-97.660	38.894	-86.941	-174.827	-85.422	15.151	-83.78148651	-64.90686798	-83.92417145	91.13873291
-75.000	-88.484	155.393	-97.354	44.491	-86.098	157.567	-85.237	10.952	-86.43599701	-74.75654602	-83.61380005	83.15711212
-74.000	-86.523	156.835	-97.411	41.124	-83.700	144.331	-85.056	6.557	-89.58772278	-101.5700302	-83.53937531	76.06222534
-73.000	-85.652	162.765	-97.591	45.510	-81.605	141.386	-85.053	2.026	-89.08719635	-145.8931122	-83.72657776	69.58947754
-72.000	-85.276	169.326	-98.062	49.887	-80.510	143.618	-84.878	-1.388	-85.49069977	-170.1851807	-84.27867889	62.47156525
-71.000	-86.249	176.949	-98.939	51.771	-80.179	147.235	-84.757	-5.179	-82.56155396	-177.5955505	-84.93063354	53.26310349
-70.000	-87.498	-176.223	-99.540	50.461	-80.670	151.525	-84.668	-9.938	-80.68437958	-178.740448	-85.77479553	40.98130798
-69.000	-90.180	-171.928	-100.284	50.139	-81.981	154.865	-84.534	-13.953	-79.76152802	-176.9634857	-86.05245972	26.94060516
-68.000	-95.057	-179.098	-101.863	45.875	-84.502	152.215	-84.346	-17.664	-79.55688477	-173.7863464	-85.85944366	12.19879913
-67.000	-99.280	126.192	-103.408	40.394	-87.948	137.370	-84.187	-21.371	-80.23352051	-170.1548157	-85.30633545	0.329710454
-66.000	-93.132	85.647	-103.926	21.677	-89.522	98.634	-84.159	-25.621	-81.92774963	-165.6815033	-84.62877655	-9.811080933
-65.000	-88.861	84.446	-106.174	7.492	-85.933	69.472	-83.914	-29.255	-85.57440948	-161.0967255	-84.10929108	-17.63750648
-64.000	-86.663	89.925	-105.957	1.402	-82.788	63.548	-83.758	-33.063	-94.48833466	-158.8075104	-83.76438141	-24.42382431
-63.000	-85.195	97.467	-106.519	-5.889	-80.722	64.906	-83.520	-36.236	-94.94480896	31.95352364	-83.71450043	-31.09386253
-62.000	-85.049	105.354	-106.786	2.574	-79.726	69.027	-83.402	-39.556	-85.07422638	36.51016617	-83.93690491	-37.92186356
-61.000	-85.552	112.258	-107.914	19.419	-79.315	72.975	-83.493	-42.354	-80.94267273	41.75317383	-84.21839142	-46.81481552
-60.000	-87.039	118.810	-115.580	20.689	-79.741	75.789	-83.682	-46.279	-78.71017456	46.37524796	-84.54619598	-57.32101822
-59.000	-90.163	121.115	-111.016	96.493	-80.872	77.039	-83.842	-51.596	-77.64871979	51.83279037	-84.67079163	-69.13006592
-58.000	-95.687	112.976	-106.054	133.809	-82.640	72.303	-84.028	-57.341	-77.47310638	56.9641571	-84.7224884	-82.21928406
-57.000	-98.953	43.016	-101.495	155.227	-84.519	57.533	-84.124	-66.338	-78.11686707	61.27265167	-84.23628998	-94.12666321
-56.000	-91.789	7.949	-99.369	162.299	-85.002	34.968	-83.888	-73.388	-79.72492218	64.37431335	-83.91390991	-105.4009018
-55.000	-87.354	6.023	-97.184	176.476	-83.608	14.911	-83.421	-80.728	-82.82382965	65.68173218	-83.54386902	-114.6513672
-54.000	-84.727	8.231	-95.364	178.628	-81.565	4.597	-82.975	-87.367	-88.5868988	55.31866837	-83.34898376	-122.3989334
-53.000	-83.176	12.013	-94.734	-175.011	-80.045	1.043	-82.450	-92.461	-94.07290649	-22.01692963	-83.39751434	-130.8530579
-52.000	-82.157	16.587	-94.201	-172.639	-79.065	0.578	-82.201	-95.675	-86.02351379	-63.11602783	-83.65745544	-139.3625488
-51.000	-81.693	19.948	-94.304	-168.673	-78.530	0.275	-81.960	-98.634	-81.76220703	-66.75432587	-83.97724915	-149.6281891
-50.000	-81.671	21.500	-95.017	-167.938	-78.507	-1.202	-81.977	-101.603	-79.41068268	-66.19901276	-84.29484558	-160.8419037
-49.000	-81.779	21.807	-95.404	-166.333	-78.801	-3.439	-82.215	-104.797	-78.16807556	-63.83563614	-84.34388733	-174.6249695
-48.000	-82.082	20.975	-96.758	-172.729	-79.072	-7.397	-82.630	-109.683	-77.71595764	-62.03356934	-84.13989258	173.5106049
-47.000	-82.374	17.924	-97.489	-175.968	-79.279	-12.284	-83.052	-114.800	-77.77212524	-60.74010849	-83.59306335	162.8802338
-46.000	-82.793	13.824	-97.277	172.363	-79.410	-17.845	-83.372	-121.723	-78.38639832	-61.99776459	-83.15631104	154.4969482
-45.000	-82.952	9.637	-96.259	164.722	-79.301	-22.599	-83.426	-128.645	-79.20285034	-65.08667755	-82.73651123	147.2205505
-44.000	-83.090	3.309	-96.039	156.352	-79.470	-25.567	-83.502	-135.598	-80.19509888	-71.12428284	-82.80545807	141.6336212
-43.000	-83.250	-2.676	-95.378	149.261	-79.768	-26.511	-83.291	-141.904	-80.81651306	-79.30420685	-82.93783569	136.6771088
-42.000	-83.320	-10.660	-94.294	150.004	-80.514	-28.436	-83.011	-147.585	-81.05329132	-88.29750824	-83.5212326	131.0559998
-41.000	-83.151	-19.288	-93.587	144.861	-81.898	-30.147	-82.809	-152.018	-80.94020844	-95.03200531	-84.36429596	123.6463013
-40.000	-82.578	-29.032	-92.921	143.487	-83.848	-36.805	-82.629	-156.427	-80.87423706	-99.28926849	-85.17670441	112.9610291
-39.000	-81.584	-37.841	-92.261	141.919	-86.321	-52.644	-82.549	-160.180	-81.15761566	-100.1242523	-85.88796997	98.80026245
-38.000	-80.346	-44.110	-91.631	142.520	-87.312	-81.428	-82.118	-164.365	-81.86096954	-99.60502625	-85.91805267	82.49965668
-37.000	-78.962	-47.881	-90.733	142.792	-85.008	-107.154	-81.807	-167.695	-83.52094269	-99.02716827	-85.15537262	68.03074646
-36.000	-77.611	-49.240	-89.832	144.377	-82.001	-116.971	-81.503	-171.034	-86.53997803	-99.84618378	-83.98262024	59.7725029
-35.000	-76.396	-49.107	-88.903	144.162	-79.733	-118.488	-81.017	-171.973	-92.1448288	-113.6106949	-82.8968811	54.6865654
-34.000	-75.321	-47.535	-88.368	148.241	-78.075	-116.316	-80.552	-172.384	-95.17205811	166.4460754	-82.28163147	53.08466339
-33.000	-74.451	-44.771	-87.853	151.925	-76.853	-111.458	-80.217	-172.391	-87.24259949	133.5183258	-81.86768341	53.4881897
-32.000	-73.748	-41.771	-87.342	156.187	-75.997	-105.707	-80.050	-170.100	-82.6025238	130.4098663	-81.83145142	55.87036514
-31.000	-73.234	-38.104	-87.188	161.234	-75.564	-99.026	-79.901	-167.166	-79.67913818	133.3661957	-82.22453308	58.19492722
-30.000	-72.881	-34.334	-87.091	166.068	-75.314	-92.076	-79.943	-163.553	-77.66114807	137.9399719	-83.16972351	62.04397583
-29.000	-72.612	-30.704	-87.029	171.422	-75.301	-85.002	-80.019	-159.462	-76.30986023	143.0953064	-84.76416016	65.67520905
-28.000	-72.535	-26.927	-87.055	176.335	-75.536	-78.037	-80.259	-154.322	-75.47807312	148.6590881	-87.32884979	70.34931946
-27.000	-72.506	-23.538	-87.368	-178.205	-76.035	-71.567	-80.620	-148.033	-75.01704407	154.3808441	-91.73982239	70.48410034
-26.000	-72.572	-19.918	-87.894	-172.420	-76.596	-64.911	-81.009	-141.354	-74.93971252	160.2835236	-101.1076202	61.96133804
-25.000	-72.724	-16.986	-88.243	-167.217	-77.440	-59.674	-81.453	-133.542	-75.1452179	165.7993317	-98.28052521	-64.87255859
-24.000	-72.948	-14.166	-88.600	-161.317	-78.379	-54.865	-81.768	-123.566	-75.76163483	171.3890839	-90.31968689	-68.40142822
-23.000	-73.164	-11.269	-89.317	-154.043	-79.400	-51.368	-81.972	-113.758	-76.68590546	176.5430603	-86.31987762	-64.28434753
-22.000	-73.438	-8.889	-89.771	-147.457	-80.424	-49.279	-81.732	-102.728	-78.11175537	-178.9966431	-83.9657135	-56.55843735
-21.000	-73.650	-6.441	-90.108	-141.100	-81.379	-48.569	-81.245	-91.824	-80.09104919	-176.447052	-82.14748383	-47.58233261
-20.000	-73.855	-4.181	-90.103	-133.490	-82.069	-49.723	-80.436	-82.593	-82.80522919	-176.0304108	-80.88148499	-37.45324707
-19.000	-74.021	-1.880	-89.859	-121.442	-82.277	-51.153	-79.356	-73.994	-86.28743744	174.9745483	-79.81946564	-26.46434212
-18.000	-74.150	0.606	-89.523	-111.174	-81.979	-51.766	-78.104	-66.779	-89.48189545	147.0438385	-78.99588013	-14.12213612
-17.000	-74.193	3.048	-88.342	-102.201	-81.412	-49.762	-76.876	-60.642	-88.07826233	108.1771927	-78.15895844	-1.124196529
-16.000	-74.239	5.822	-87.402	-92.766	-80.522	-46.724	-75.636	-56.159	-84.4668045	94.84383392	-77.23179626	11.81895161
-15.000	-74.285	8.714	-85.884	-83.657	-79.422	-42.136	-74.376	-51.584	-81.77056122	93.44715881	-76.26834869	25.00708771
-14.000	-74.228	11.899	-84.500	-75.607	-78.401	-36.525	-73.222	-48.177	-79.75166321	96.63629913	-75.18237305	37.34135818
-13.000	-74.189	15.351	-83.349	-68.888	-77.244	-31.503	-72.166	-44.895	-78.2450943	102.676445	-74.04698944	48.51929855
-12.000	-74.074	18.458	-82.111	-63.440	-76.207	-25.181	-71.144	-41.820	-77.01255035	110.2571182	-72.92651367	58.61328125
-11.000	-74.004	21.506	-80.886	-58.379	-75.117	-19.176	-70.212	-39.231	-75.96645355	118.4678574	-71.87565613	67.2131424
-10.000	-73.905	24.665	-79.853	-53.886	-74.127	-14.065	-69.370	-36.736	-75.04587555	126.9304428	-70.81661224	74.87136078
-9.000	-73.735	27.604	-78.870	-49.983	-73.194	-9.328	-68.633	-34.779	-74.20817566	135.3535614	-69.89400482	81.4809494
-8.000	-73.621	30.177	-77.999	-46.296	-72.318	-5.373	-67.944	-32.753	-73.41072083	143.8530884	-69.05484009	87.13787842
-7.000	-73.515	32.751	-77.303	-43.650	-71.528	-1.716	-67.384	-31.117	-72.67198944	151.6890411	-68.3157196	91.94693756
-6.000	-73.397	34.934	-76.643	-40.807	-70.843	1.276	-66.878	-29.522	-71.92591858	159.0093689	-67.68976593	96.08364105
-5.000	-73.273	36.403	-76.054	-38.683	-70.209	3.905	-66.448	-28.467	-71.25314331	165.6352386	-67.16272736	99.40454865
-4.000	-73.199	37.697	-75.625	-36.952	-69.700	5.492	-66.125	-27.514	-70.64068604	171.7230835	-66.74198914	102.224617
-3.000	-73.107	38.506	-75.294	-35.647	-69.275	6.950	-65.845	-26.933	-70.07212067	176.9021149	-66.4040451	104.5008392
-2.000	-73.051	38.771	-75.058	-34.982	-68.913	7.857	-65.685	-26.599	-69.58590698	-178.6331635	-66.18588257	106.2346878
-1.000	-73.005	38.735	-74.865	-34.435	-68.651	8.039	-65.555	-26.659	-69.16869354	-174.8705902	-66.04121399	107.4358063
0.000	-73.034	37.953	-74.770	-34.430	-68.474	7.861	-65.518	-26.930	-68.82795715	-171.7466278	-66.01028442	108.0291214
1.000	-73.035	36.857	-74.825	-35.142	-68.367	7.253	-65.539	-27.527	-68.59934235	-169.4202881	-66.06773376	108.1726532
2.000	-73.089	35.055	-74.911	-35.899	-68.341	6.014	-65.656	-28.451	-68.45368195	-167.7988434	-66.19569397	107.8856964
3.000	-73.115	33.048	-75.101	-36.984	-68.423	4.190	-65.832	-29.541	-68.38526917	-166.7764282	-66.44683838	107.0257797
4.000	-73.202	30.242	-75.385	-38.782	-68.577	2.318	-66.104	-30.966	-68.40826416	-166.3733978	-66.7721405	105.4812698
5.000	-73.251	26.888	-75.781	-41.371	-68.799	-0.274	-66.430	-32.631	-68.56441498	-166.7283478	-67.21407318	103.4254532
6.000	-73.317	23.469	-76.289	-43.844	-69.131	-3.163	-66.848	-34.627	-68.82421875	-167.65625	-67.72685242	100.9204025
7.000	-73.444	19.608	-76.806	-46.634	-69.547	-6.543	-67.357	-36.840	-69.16679382	-169.2544098	-68.34781647	97.68430328
8.000	-73.521	15.254	-77.489	-49.971	-70.057	-10.248	-67.915	-39.430	-69.66300201	-171.4233551	-69.05300903	93.79608154
9.000	-73.648	10.452	-78.345	-54.068	-70.663	-14.317	-68.597	-42.148	-70.26428986	-174.4497375	-69.8506012	89.06288147
10.000	-73.730	5.414	-79.229	-58.674	-71.378	-18.803	-69.358	-45.386	-71.04863739	-178.178894	-70.75541687	83.47259521
11.000	-73.862	0.100	-80.146	-63.232	-72.202	-23.394	-70.219	-48.567	-71.93565369	177.1698761	-71.73462677	77.19316864
12.000	-73.928	-5.209	-81.239	-68.562	-73.178	-28.305	-71.118	-52.017	-72.98249817	171.6695557	-72.7960968	69.87141418
13.000	-74.012	-10.321	-82.510	-74.092	-74.245	-33.482	-72.111	-55.778	-74.19596863	165.0140839	-73.87666321	61.61223221
14.000	-74.044	-15.545	-83.697	-80.712	-75.574	-38.466	-73.276	-60.043	-75.59880066	156.7650299	-74.99184418	52.48599625
15.000	-74.057	-20.860	-84.915	-89.731	-76.971	-44.166	-74.421	-64.783	-77.13165283	146.7571564	-76.16757202	42.38201904
16.000	-74.123	-25.752	-86.406	-98.569	-78.634	-49.419	-75.661	-69.510	-78.8286972	134.7226257	-77.28814697	31.98268127
17.000	-74.118	-30.845	-87.612	-107.710	-80.464	-54.287	-76.950	-75.067	-80.57780457	120.5783463	-78.49055481	21.14992142
18.000	-74.066	-35.280	-88.689	-117.900	-82.324	-58.890	-78.186	-81.025	-82.28430176	104.4444122	-79.73334503	10.36048603
19.000	-74.030	-39.996	-89.527	-129.978	-84.372	-60.573	-79.347	-88.121	-83.94793701	85.68711853	-81.05815887	-0.319503695
20.000	-73.936	-44.598	-89.843	-140.106	-86.114	-61.858	-80.436	-96.474	-85.54671478	66.35255432	-82.70323944	-10.76718616
21.000	-73.804	-48.893	-90.108	-150.451	-87.570	-62.772	-81.323	-105.702	-87.30608368	46.92361069	-84.70472717	-20.39369583
22.000	-73.611	-52.974	-90.205	-160.703	-88.129	-63.660	-81.800	-115.488	-89.61243439	23.91280556	-87.50913239	-29.05509949
23.000	-73.448	-57.613	-89.575	-169.301	-87.753	-66.312	-82.122	-125.978	-93.08170319	-6.078548431	-91.70124817	-37.55239105
24.000	-73.211	-61.913	-89.234	-176.603	-87.015	-75.166	-82.129	-135.110	-95.57281494	-62.30495834	-101.2083359	-46.7432518
25.000	-73.042	-66.805	-88.469	177.446	-85.724	-85.471	-81.794	-145.214	-91.59384918	-120.9057922	-102.5412598	125.7713623
26.000	-72.840	-71.703	-88.004	170.865	-84.333	-97.660	-81.650	-153.691	-87.09546661	-149.1377258	-92.48914337	118.9357071
27.000	-72.726	-77.005	-87.461	166.138	-83.047	-110.392	-81.208	-161.965	-83.83935547	-165.835144	-88.20082855	112.0025253
28.000	-72.617	-82.106	-87.053	159.273	-81.717	-122.253	-80.864	-168.907	-81.3557663	-178.1965179	-85.72241974	105.838913
29.000	-72.690	-88.012	-86.680	153.536	-80.565	-135.267	-80.610	-175.781	-79.55343628	170.8213806	-84.22360992	100.6726761
30.000	-72.762	-93.658	-86.613	147.034	-79.741	-147.414	-80.396	178.337	-78.28302002	161.3108978	-83.09610748	95.36775208
31.000	-72.979	-99.360	-86.797	141.936	-79.142	-158.735	-80.419	173.321	-77.44199371	152.0494843	-82.45024109	91.01226044
32.000	-73.349	-105.075	-86.930	136.969	-78.772	-171.081	-80.507	168.725	-77.00032806	143.546936	-82.33187866	86.86016083
33.000	-73.910	-110.645	-87.341	131.864	-78.725	177.152	-80.759	164.929	-76.97727203	134.4850311	-82.45916748	83.79493713
34.000	-74.540	-116.200	-87.858	126.375	-79.042	164.735	-81.012	162.690	-77.33217621	125.8589935	-82.99588776	82.44184113
35.000	-75.460	-121.723	-88.448	123.112	-79.643	151.468	-81.605	160.471	-78.17160034	116.588295	-83.70849609	82.30213928
36.000	-76.523	-126.050	-89.230	121.956	-80.722	137.652	-82.124	160.598	-79.56063843	106.3580475	-84.83641052	85.40300751
37.000	-77.840	-128.772	-90.157	118.632	-82.158	122.171	-82.622	161.805	-81.52965546	95.59348297	-85.98537445	92.8197403
38.000	-79.366	-130.908	-91.484	121.559	-84.375	103.260	-83.115	164.156	-84.39567566	79.78712463	-86.96368408	103.5209351
39.000	-81.043	-129.809	-92.134	119.965	-86.911	79.305	-83.577	167.177	-88.33604431	54.7576828	-87.19273376	118.6907654
40.000	-82.805	-125.825	-92.924	121.026	-89.638	43.624	-83.971	171.485	-91.71972656	7.09188509	-86.63818359	132.0323029
41.000	-84.428	-117.831	-94.141	124.662	-90.024	-0.626	-84.162	173.910	-89.98542023	-43.04255676	-85.6550293	143.0685425
42.000	-85.587	-107.234	-94.325	128.030	-88.598	-37.441	-84.587	178.032	-87.19283295	-68.82902527	-84.66567993	149.915329
43.000	-85.991	-96.839	-95.819	133.122	-86.746	-62.421	-84.898	-177.436	-85.48166656	-82.47138214	-83.87643433	154.8887634
44.000	-85.812	-87.107	-96.741	136.388	-85.717	-79.558	-85.087	-172.731	-84.85784912	-92.81125641	-83.34231567	158.1768951
45.000	-85.639	-79.888	-97.566	142.270	-85.349	-92.781	-85.190	-166.161	-85.26408386	-98.4688797	-83.15960693	161.9985046
46.000	-85.210	-75.710	-97.794	154.698	-85.718	-103.311	-85.077	-160.273	-86.50505829	-100.4883728	-83.03505707	165.6778412
47.000	-84.777	-71.112	-98.058	166.145	-86.773	-109.772	-84.713	-154.858	-88.62554169	-95.58666229	-83.2625885	171.028244
48.000	-84.495	-69.501	-97.561	174.955	-88.325	-111.082	-84.231	-149.544	-90.87335205	-80.28331757	-83.59587097	176.4920502
49.000	-84.093	-69.879	-96.740	175.578	-90.460	-103.905	-83.817	-147.239	-91.02410126	-53.117939	-84.02329254	-176.1655579
50.000	-83.795	-70.714	-95.560	177.581	-91.450	-84.807	-83.394	-146.780	-89.03882599	-35.61828613	-84.29013824	-166.9448547
51.000	-83.620	-73.200	-95.213	173.750	-91.050	-69.403	-83.296	-145.312	-87.46221161	-31.37973404	-84.47210693	-157.6682434
52.000	-83.785	-78.185	-95.424	169.746	-90.064	-58.739	-83.253	-145.393	-86.6941452	-35.35220337	-84.4675827	-148.5687866
53.000	-84.172	-84.013	-95.864	166.413	-89.454	-56.915	-83.568	-145.242	-87.05799103	-45.00866699	-84.64179993	-140.5183411
54.000	-85.087	-92.453	-96.629	160.133	-89.625	-56.309	-84.159	-144.504	-88.46526337	-63.1782608	-84.62852478	-133.6751404
55.000	-86.725	-100.641	-97.840	151.562	-90.923	-50.699	-84.867	-143.250	-90.31485748	-92.05371857	-84.87350464	-127.047287
56.000	-89.595	-110.302	-100.036	142.001	-93.355	-36.239	-85.829	-139.664	-90.18967438	-138.3436584	-85.29824829	-122.1936264
57.000	-93.704	-120.825	-103.314	126.297	-93.542	0.044	-86.504	-134.154	-87.45878601	-173.3496094	-85.9765625	-117.4196243
58.000	-104.694	-153.876	-108.879	109.812	-89.874	21.291	-87.133	-127.315	-84.68149567	164.8950806	-87.00695038	-110.0664597
59.000	-100.216	53.625	-119.052	50.190	-86.600	26.255	-87.241	-121.157	-82.78327179	149.6903839	-87.90652466	-102.3913193
60.000	-92.838	34.985	-108.423	-24.093	-84.643	23.398	-87.367	-114.383	-81.87137604	136.7472534	-88.93215179	-94.34197998
61.000	-89.084	21.739	-105.873	-36.911	-83.450	18.182	-86.880	-110.727	-81.6076889	126.0230713	-89.95478058	-85.14700317
62.000	-87.241	9.974	-105.686	-43.807	-82.978	11.889	-86.788	-110.117	-82.21849823	115.0345917	-90.61654663	-74.49663544
63.000	-86.511	-2.489	-104.971	-50.345	-83.415	4.630	-86.741	-110.156	-84.02502441	102.6730423	-90.65370178	-66.00247192
64.000	-86.634	-13.564	-105.957	-55.782	-84.667	-1.484	-86.983	-112.683	-87.45685577	86.94128418	-90.5771637	-59.97863007
65.000	-87.464	-24.780	-106.566	-49.826	-87.244	-2.044	-87.119	-112.852	-94.01127625	48.78654861	-90.28573608	-56.55023956
66.000	-89.759	-35.700	-109.607	-39.770	-91.480	7.458	-87.409	-112.970	-93.18706512	-42.7874794	-90.71836853	-54.23272705
67.000	-93.843	-42.836	-110.096	-11.351	-94.201	53.092	-87.632	-113.210	-87.09654236	-75.09345245	-90.8327179	-52.57279205
68.000	-103.690	-37.690	-109.094	-13.901	-89.923	85.399	-87.906	-110.914	-83.64949036	-90.99710846	-91.68359375	-50.80218887
69.000	-99.819	82.628	-107.644	2.153	-86.150	89.482	-87.988	-108.690	-81.82662201	-101.6191711	-92.91986847	-46.37772369
70.000	-92.297	82.565	-104.900	12.375	-84.110	84.726	-88.208	-105.043	-81.10569763	-110.7175217	-94.85660553	-37.85389709
71.000	-88.678	75.298	-102.733	2.641	-83.301	78.243	-88.146	-103.501	-81.28265381	-118.665535	-96.41666412	-21.19518089
72.000	-86.714	64.257	-101.451	4.062	-83.235	70.682	-88.051	-99.918	-82.41867065	-126.4919891	-97.37018585	4.042001724
73.000	-85.886	55.686	-100.232	-5.804	-84.075	63.463	-87.977	-95.743	-84.60485077	-133.6968994	-96.86171722	31.62737465
74.000	-85.661	46.530	-99.665	-9.654	-85.960	58.474	-87.750	-93.749	-88.56448364	-140.7033997	-95.11342621	51.12242889
75.000	-86.454	39.997	-99.445	-7.919	-89.676	60.161	-87.581	-90.403	-97.96311951	-140.5543823	-93.49835205	60.71006775
76.000	-87.911	35.990	-100.210	-20.491	-93.545	81.966	-87.557	-85.707	-99.84883118	12.89235306	-93.00828552	71.8755188
77.000	-90.032	39.956	-100.735	-20.371	-93.389	126.332	-87.603	-83.761	-90.35558319	11.56235981	-92.9788208	78.18135071
78.000	-91.959	55.209	-100.360	-22.940	-89.275	141.672	-87.629	-82.226	-86.85113525	4.984502792	-93.62151337	89.66217041
79.000	-91.633	77.713	-101.396	-26.390	-87.071	141.109	-87.893	-79.692	-85.25743866	-0.970691979	-94.84634399	104.7044907
80.000	-89.524	89.266	-101.396	-23.127	-85.704	133.311	-88.239	-77.184	-84.84390259	-7.642829895	-96.15341187	123.8885422
81.000	-87.218	91.225	-101.544	-13.376	-85.678	125.736	-88.654	-73.263	-85.17565918	-14.11875153	-96.40759277	151.2995758
82.000	-86.020	87.300	-101.025	-8.365	-86.537	117.523	-89.278	-70.071	-86.38832855	-21.9510746	-95.00105286	172.2663727
83.000	-85.280	81.383	-100.498	-0.428	-88.962	107.912	-90.106	-68.618	-88.50759125	-30.18619156	-93.67495728	-169.7381744
84.000	-85.351	74.260	-99.584	-0.561	-93.165	102.309	-90.786	-63.814	-92.64620972	-45.86392212	-92.96465302	-157.8333282
85.000	-85.884	67.991	-100.130	-0.558	-104.784	112.238	-91.532	-62.676	-99.61460114	-79.43643951	-92.69477081	-148.8191376
86.000	-86.941	64.368	-100.046	-7.024	-98.587	-114.640	-92.660	-59.955	-99.9102478	-166.7308807	-92.87026215	-138.5625916
87.000	-88.916	64.430	-99.833	-7.675	-91.462	-121.612	-93.191	-57.528	-94.32538605	160.5705566	-94.23401642	-127.5948486
88.000	-90.698	72.226	-100.888	-9.859	-88.464	-127.477	-93.711	-57.419	-91.5852356	147.1802979	-95.44743347	-109.4981003
89.000	-92.573	88.107	-102.922	-13.582	-87.401	-134.685	-94.862	-61.597	-90.44506073	139.4423676	-95.64495087	-88.89264679
90.000	-91.659	104.002	-104.542	-2.606	-87.584	-141.522	-95.667	-68.249	-90.39492798	131.3159332	-95.13857269	-69.98566437
91.000	-90.010	110.733	-104.991	3.653	-88.495	-144.296	-95.776	-77.491	-92.27218628	123.0533142	-94.92136383	-55.61104584
92.000	-89.438	111.022	-106.713	17.065	-90.812	-142.187	-96.179	-89.050	-95.06601715	114.4316406	-94.74267578	-46.40245056
93.000	-89.347	105.031	-107.825	26.845	-93.860	-122.762	-95.702	-99.412	-104.5291901	98.70657349	-95.3112793	-37.94279861
94.000	-89.748	99.346	-106.363	38.277	-93.293	-92.323	-94.799	-103.988	-103.5757675	-57.75197601	-96.43621063	-29.85715485
95.000	-91.373	91.659	-106.179	43.628	-90.964	-77.924	-94.262	-111.933	-94.71127319	-74.90625763	-98.41587067	-21.65472794
96.000	-94.235	83.395	-106.695	30.728	-88.808	-75.654	-93.701	-113.585	-90.95541382	-82.16272736	-100.585556	-2.951319933
97.000	-99.461	82.491	-108.651	34.271	-87.840	-79.996	-92.800	-116.004	-89.26609802	-89.6407547	-103.2195816	23.49411583
98.000	-114.558	131.101	-110.530	33.820	-87.770	-87.060	-92.300	-117.746	-88.7713623	-98.08300018	-103.0165329	40.86873627
99.000	-102.256	-138.087	-128.356	44.256	-88.855	-97.972	-91.566	-118.163	-89.30475616	-106.4943848	-102.6494141	59.66994095
100.000	-96.990	-146.245	-120.182	156.401	-91.256	-108.793	-91.040	-117.936	-91.75817871	-117.3602448	-101.2306595	65.61542511
101.000	-94.764	-154.887	-111.344	166.112	-95.075	-121.587	-90.965	-117.643	-95.95093536	-135.1504059	-100.4738007	67.27941895
102.000	-94.339	-163.894	-111.525	176.023	-101.766	-139.653	-91.220	-118.291	-103.3555527	167.2541962	-100.334938	67.63047791
103.000	-94.978	-173.242	-109.025	166.165	-111.903	48.164	-91.393	-116.950	-98.0895462	83.86534119	-100.6126633	65.18886566
104.000	-96.913	-177.575	-108.043	-164.825	-100.001	29.144	-91.753	-117.956	-92.97849274	59.10739899	-101.4369354	61.58742523
105.000	-100.711	175.559	-106.297	-172.101	-96.222	6.428	-92.023	-120.068	-90.65406799	43.97668839	-102.6659393	62.41160583
106.000	-105.430	-143.704	-106.302	-154.792	-94.967	-13.292	-92.121	-118.322	-89.90516663	29.7144413	-104.2355576	70.34322357
107.000	-102.602	-98.437	-108.050	-143.849	-94.200	-34.685	-92.194	-124.062	-90.01456451	16.12606812	-106.5318909	90.01882935
108.000	-97.165	-91.185	-107.322	-130.534	-94.432	-55.437	-92.198	-124.872	-91.24262238	-0.809536397	-104.3682098	131.4533386
109.000	-94.292	-97.727	-106.286	-115.232	-94.705	-75.553	-92.221	-131.642	-93.01317596	-24.97995949	-101.0654755	148.8961487
110.000	-92.603	-107.487	-105.059	-119.648	-96.230	-91.912	-91.990	-137.307	-94.9213562	-53.14920044	-98.50421906	159.296051
111.000	-91.682	-115.484	-105.537	-123.636	-99.852	-112.408	-91.522	-144.242	-96.69772339	-88.66394806	-96.69752502	171.626358
112.000	-91.676	-127.205	-106.738	-115.167	-106.643	-136.285	-90.983	-149.736	-96.67311859	-127.466713	-95.62206268	179.5748596
113.000	-92.140	-132.761	-107.034	-113.742	-110.237	49.530	-90.814	-154.928	-97.14774323	-166.5566254	-95.34849548	-166.9965973
114.000	-92.832	-139.032	-105.989	-114.140	-99.445	39.018	-90.220	-158.822	-96.51002502	156.8437195	-94.907547	-149.9494781
115.000	-94.137	-142.124	-105.714	-100.087	-94.858	23.853	-90.184	-159.396	-95.0390625	124.180748	-94.42106628	-129.0762634
116.000	-96.325	-134.973	-105.507	-106.685	-93.166	16.810	-89.785	-157.552	-93.6073761	95.92392731	-92.91918182	-110.6625824
117.000	-97.397	-127.363	-107.877	-117.659	-92.346	5.432	-89.589	-155.532	-92.53555298	73.78399658	-91.27788544	-95.94374084
118.000	-97.217	-111.190	-105.605	-122.441	-93.357	-3.500	-89.028	-152.277	-92.32102966	55.32541656	-89.94842529	-85.03495026
119.000	-94.770	-102.932	-106.485	-112.783	-95.799	-15.234	-88.583	-148.523	-93.02928925	34.86810684	-88.78649139	-75.53897095
120.000	-93.835	-100.804	-106.379	-115.100	-102.110	-18.678	-88.189	-146.840	-94.31259155	13.82847786	-88.18283081	-65.39309692
121.000	-93.002	-105.147	-105.716	-127.888	-115.893	129.778	-87.859	-144.291	-96.71559906	-14.75913525	-87.71411896	-55.79457092
122.000	-93.085	-111.610	-104.724	-115.586	-100.363	132.214	-87.562	-143.845	-97.77148438	-52.20645523	-87.77026367	-44.85303879
123.000	-92.829	-117.799	-104.584	-102.517	-95.601	124.001	-87.955	-145.899	-97.30413055	-91.26210022	-88.02936554	-33.75931168
124.000	-94.402	-126.247	-103.751	-87.103	-93.138	121.183	-88.482	-146.688	-95.86933899	-121.4465179	-88.16201019	-19.41036034
125.000	-95.998	-135.276	-102.760	-85.881	-92.414	114.000	-89.598	-146.582	-95.48926544	-146.6647949	-88.3704834	-3.860023022
126.000	-97.994	-135.558	-102.049	-70.383	-93.118	105.495	-91.598	-147.001	-95.25842285	-167.9296417	-88.14285278	11.92522049
127.000	-100.567	-134.445	-100.666	-67.690	-94.791	98.830	-94.136	-146.141	-95.83248901	167.3125916	-87.73880005	25.92260933
128.000	-104.866	-129.001	-100.063	-63.636	-97.389	96.157	-97.760	-143.102	-96.93824005	141.5548859	-87.28890228	39.57641602
129.000	-105.053	-86.132	-98.519	-56.717	-103.286	96.568	-104.682	-131.589	-97.0973053	112.2895508	-87.16291809	50.79972839
130.000	-101.732	-77.581	-98.868	-47.780	-110.019	170.139	-110.025	-33.554	-96.66874695	81.62036896	-87.12554932	62.27020645
131.000	-100.804	-83.256	-98.532	-46.305	-103.855	-148.476	-103.382	3.684	-96.55428314	61.12388992	-87.39590454	74.59657288
132.000	-99.888	-84.624	-97.748	-37.577	-100.581	-147.580	-99.094	17.270	-96.43307495	45.1608696	-87.68512726	89.46694946
133.000	-99.483	-90.351	-97.663	-32.561	-99.729	-150.970	-97.063	28.265	-98.13655853	28.85154915	-87.74588776	103.8095169
134.000	-99.418	-102.150	-96.899	-23.414	-101.479	-159.891	-95.278	35.025	-101.9042358	11.22906113	-87.76808167	120.3352737
135.000	-100.206	-109.968	-96.883	-16.048	-106.838	169.902	-93.801	41.674	-111.6528625	-54.7749939	-87.17377472	135.956543
136.000	-102.064	-118.994	-96.434	-8.127	-110.069	72.440	-92.187	50.931	-103.0529251	-137.3954468	-86.47193146	149.9156189
137.000	-105.519	-119.427	-96.377	-0.282	-101.618	33.008	-90.862	55.601	-97.75469208	-156.183136	-85.67716217	161.483139
138.000	-110.657	-118.029	-96.159	7.755	-96.726	23.285	-89.673	60.660	-94.20089722	-168.2586365	-85.03621674	171.3825073
139.000	-111.158	-40.226	-95.559	9.897	-94.432	9.494	-89.011	63.646	-92.4883194	-175.5170288	-84.53211975	177.951828
140.000	-105.851	3.128	-95.540	18.153	-93.218	3.612	-88.451	64.703	-91.54441833	178.6273499	-84.08944702	-174.8900909
141.000	-103.137	-11.197	-95.333	22.303	-92.312	-3.392	-87.867	66.226	-91.44332123	171.8232422	-83.95307159	-167.9729614
142.000	-99.940	-15.415	-95.392	33.607	-92.908	-12.684	-87.941	67.519	-92.2067337	166.0805511	-84.01964569	-162.064682
143.000	-97.925	-23.960	-95.143	35.791	-93.835	-18.252	-87.933	70.387	-93.89092255	162.5759277	-84.16662598	-155.4021759
144.000	-96.584	-29.077	-95.203	37.966	-96.210	-28.807	-87.855	73.519	-96.63957214	158.264328	-84.44861603	-150.0602264
145.000	-96.183	-39.421	-94.713	40.636	-99.985	-34.540	-87.843	77.930	-101.3781204	155.6551819	-84.66350555	-143.41745
146.000	-95.665	-44.161	-94.805	46.207	-107.499	-28.946	-88.023	80.951	-110.9933777	174.2861481	-85.04639435	-136.4674072
147.000	-96.243	-49.615	-95.249	49.064	-112.191	117.485	-87.638	85.159	-105.7823792	-64.93356323	-85.17031097	-130.0818329
148.000	-96.571	-54.452	-95.586	54.364	-101.921	123.543	-87.314	86.568	-98.31227112	-60.84197235	-85.34332275	-123.7501755
149.000	-96.641	-56.137	-95.795	57.362	-98.171	118.874	-87.027	89.905	-95.59658813	-61.25242615	-85.56209564	-117.8652039
150.000	-97.677	-58.823	-95.679	58.754	-95.460	113.251	-86.591	88.368	-93.42957306	-66.04148865	-85.69551849	-112.5054245
151.000	-98.520	-52.846	-96.163	59.893	-94.262	106.387	-86.306	87.379	-92.4547348	-71.27376556	-85.78700256	-107.2682266
152.000	-99.419	-43.777	-96.892	60.013	-94.061	102.153	-86.121	85.725	-91.68717957	-75.59980774	-85.92652893	-102.427681
153.000	-100.467	-40.841	-97.721	62.935	-94.020	97.204	-85.908	82.836	-91.84210205	-79.6353302	-86.0467453	-97.51246643
154.000	-99.671	-32.225	-97.403	65.952	-94.556	91.761	-85.799	80.264	-92.07698822	-81.52575684	-86.34973145	-94.63183594
155.000	-99.538	-32.990	-98.536	62.903	-95.435	89.130	-85.871	77.351	-92.88008118	-85.46008301	-86.64137268	-89.91470337
156.000	-98.640	-27.432	-99.294	64.041	-96.266	92.190	-86.218	74.033	-93.70458221	-90.53398895	-87.07375336	-86.47087097
157.000	-97.935	-26.870	-99.292	66.600	-98.952	93.898	-86.452	71.680	-95.78172302	-89.47279358	-87.55355072	-83.07662201
158.000	-97.280	-29.891	-98.988	57.816	-99.851	99.405	-86.967	67.866	-98.27639771	-87.82084656	-87.96604156	-78.25424957
159.000	-97.010	-33.528	-98.624	57.617	-101.444	116.875	-87.663	65.817	-101.4950027	-81.14193726	-88.46958923	-74.12831116
160.000	-97.085	-37.635	-98.973	54.923	-100.586	134.145	-88.175	67.747	-105.3890305	-54.68802643	-88.86911774	-68.70796967
161.000	-97.500	-46.845	-98.692	49.963	-99.225	140.988	-88.819	65.073	-105.2835083	-14.6962328	-89.24510193	-63.60667038
162.000	-97.500	-53.165	-99.751	47.442	-98.446	143.444	-89.589	67.210	-102.1674957	5.482504368	-89.54647827	-58.75746918
163.000	-97.934	-57.619	-99.229	46.895	-96.724	145.249	-90.431	69.476	-99.85542297	11.90726948	-89.84199524	-53.16490555
164.000	-98.011	-65.292	-98.419	42.364	-96.383	136.648	-90.877	75.010	-98.4036026	14.87513065	-89.92273712	-48.36998749
165.000	-97.916	-79.292	-98.354	33.318	-95.144	136.036	-91.298	79.905	-97.43518066	15.2731638	-89.89056396	-44.63496017
166.000	-98.542	-83.393	-98.489	29.851	-94.984	129.938	-91.358	85.245	-97.56402588	12.28853607	-89.69600677	-39.54866409
167.000	-98.994	-93.079	-98.503	30.932	-94.879	121.165	-91.352	91.357	-98.3739624	11.09107304	-89.68335724	-35.72271347
168.000	-98.243	-101.268	-97.891	30.831	-94.639	113.456	-91.082	96.151	-99.493927	4.832475185	-89.59579468	-34.08448029
169.000	-99.063	-108.353	-98.580	30.259	-94.046	104.889	-91.088	101.667	-102.6967697	-1.813643336	-89.45908356	-32.35074615
170.000	-98.793	-116.202	-98.375	30.596	-94.079	93.132	-90.496	104.566	-105.8802719	-14.97346497	-89.25405121	-31.40851212
171.000	-98.914	-120.552	-98.086	33.623	-93.319	78.699	-90.392	106.278	-108.7300873	-62.16308212	-89.30667114	-30.03723145
172.000	-98.424	-125.134	-98.252	35.105	-93.215	71.441	-90.022	107.205	-105.4486771	-123.2852402	-89.308815	-31.1754837
173.000	-97.891	-121.431	-97.560	37.219	-92.486	61.558	-89.688	107.550	-100.6230621	-140.1228485	-89.14033508	-30.7603302
174.000	-98.299	-127.281	-98.092	34.016	-91.928	52.023	-89.479	108.498	-97.65930176	-148.6956787	-89.05748749	-32.63647461
175.000	-97.672	-127.940	-97.800	38.979	-91.236	46.437	-89.472	108.116	-95.34624481	-151.9964752	-89.08298492	-34.17553711
176.000	-97.827	-128.713	-97.831	41.866	-90.616	40.491	-89.268	109.064	-93.3719101	-154.887146	-89.12158203	-36.36483383
177.000	-97.930	-129.529	-97.682	40.964	-90.170	35.524	-89.231	107.606	-91.98991394	-155.9845581	-88.95046234	-37.80537796
178.000	-97.619	-129.672	-97.467	45.493	-90.009	33.884	-89.379	106.192	-91.29782867	-156.5951233	-88.78484344	-39.49441528
179.000	-97.479	-131.387	-97.879	46.582	-89.526	28.569	-89.511	105.294	-90.67643738	-156.7641602	-88.92036438	-41.50753021
180.000	-97.795	-129.472	-96.341	45.946	-89.409	24.625	-89.483	105.406	-90.20523071	-158.5612488	-88.98262787	-42.92572021