Freq	Apet149	Apet199	Apla149	Apla199
8.00	-3.318829560413000	-2.515377206793101	-2.056809714876096	-2.213118112159276
8.02	-3.628420881575475	-2.301150680288097	-2.370360879654867	-1.988430771499868
8.04	-3.898085697427838	-2.257053108310203	-2.698506288669786	-1.932498580586269
8.06	-4.119141680922656	-2.383492734184237	-3.015830054521760	-2.052386763293497
8.08	-4.288166407319291	-2.648435394712390	-3.309126365000443	-2.313105301861117
8.10	-4.399758323897951	-2.997135576070456	-3.561968391940515	-2.661388859616585
8.12	-4.451222076117809	-3.369778228256891	-3.760743603478705	-3.037759527992671
8.14	-4.443965965495240	-3.722350448771382	-3.904867067487367	-3.395225278272243
8.16	-4.377499138180694	-4.030238312621895	-3.998983470814718	-3.707319974299556
8.18	-4.254708925109300	-4.262762466690949	-4.034264925224926	-3.945974938376508
8.20	-4.083196284511356	-4.414338795056985	-4.015237679006580	-4.104149038370823
8.22	-3.866459128795548	-4.478218055956533	-3.944975742070664	-4.175472202616677
8.24	-3.608664157827333	-4.454496726069707	-3.824558596031932	-4.159636352726117
8.26	-3.321317625281717	-4.344164743122807	-3.655701283592747	-4.058800020058474
8.28	-3.015793805289772	-4.154770030794824	-3.446757771968469	-3.877288524302476
8.30	-2.708382621453561	-3.896141297548912	-3.203107000500034	-3.627121994872232
8.32	-2.416621264216056	-3.586773032425528	-2.934824868882938	-3.322764395548442
8.34	-2.164280730783534	-3.254737643608096	-2.651362883322541	-2.986043041717756
8.36	-1.964014794908684	-2.912148114208998	-2.365868592204483	-2.643701193667238
8.38	-1.807393768754120	-2.584530116977604	-2.091547747704200	-2.324995082141481
8.40	-1.730432761131700	-2.328733492625688	-1.847842084003247	-2.070432284783168
8.42	-1.739121449878484	-2.176815245162194	-1.654820643497326	-1.914916184463823
8.44	-1.822332167334922	-2.145585932613281	-1.520512637836051	-1.876098557935189
8.46	-1.973336009602027	-2.237417444143760	-1.458979587689250	-1.960106206230554
8.48	-2.169988401048361	-2.424925893610594	-1.474495520238184	-2.142810621098968
8.50	-2.396217179107685	-2.668316709515116	-1.562010591513728	-2.391467653425996
8.52	-2.636745921124329	-2.943355835086006	-1.707972214405426	-2.669623967115891
8.54	-2.866387911313638	-3.216284506005390	-1.897373610878499	-2.946794146565045
8.56	-3.068391810007004	-3.460814663958743	-2.111929498541116	-3.194741470609394
8.58	-3.248202148118488	-3.660729152306060	-2.336444072534455	-3.397092221619697
8.60	-3.398232590371059	-3.802670143149414	-2.558488458111585	-3.541566183759616
8.62	-3.512666448816254	-3.880308569897506	-2.760039013356901	-3.620155809975005
8.64	-3.588355886699954	-3.890564655860634	-2.934881788520282	-3.632283723279522
8.66	-3.623642213727504	-3.834269258770678	-3.081618245839986	-3.577818044464194
8.68	-3.617072037850045	-3.713289375688664	-3.192858962413606	-3.458529134165422
8.70	-3.572514695177525	-3.537207345899458	-3.267002074109895	-3.284402308763715
8.72	-3.493857731200207	-3.318411158039815	-3.306150844808324	-3.067852673817090
8.74	-3.378417930264000	-3.067654202601964	-3.305873637353906	-2.819606062465628
8.76	-3.226563908686340	-2.807353795167564	-3.270114511244588	-2.558757849831121
8.78	-3.049434235565392	-2.567241026600404	-3.198926432509720	-2.310004429140530
8.80	-2.854837588942042	-2.358283314306285	-3.097686506864952	-2.096574710011367
8.82	-2.646676767895827	-2.188416497433686	-2.968824392706161	-1.941465060662830
8.84	-2.433352683327258	-2.102814893094853	-2.804560639903604	-1.863404502781440
8.86	-2.230298316380499	-2.118797418804864	-2.624186387853928	-1.874871142354110
8.88	-2.056376550118351	-2.293307806615728	-2.443872631912917	-1.989099662902522
8.90	-1.881847770103222	-2.398759580459307	-2.219655331743006	-2.131364882963075
8.92	-1.753352775178369	-2.558459835170501	-2.013709338824928	-2.320829420569080
8.94	-1.679991206886556	-2.776421459796007	-1.831120973776557	-2.543140536213827
8.96	-1.659319209741356	-2.999681651398168	-1.673273815005210	-2.764891309723963
8.98	-1.693323040822433	-3.209778489275347	-1.552248037282535	-2.966007226124395
9.00	-1.777046736000345	-3.376040879836063	-1.476641268717161	-3.133660837918425
9.02	-1.903997183717692	-3.497253109585565	-1.456230635972716	-3.261752087593095
9.04	-2.063306473517757	-3.580883599281156	-1.485927814068056	-3.331722748020602
9.06	-2.223497964102907	-3.742119209351057	-1.548619471220006	-3.327474354321901
9.08	-2.400149148762112	-3.531377909161358	-1.658952810943336	-3.279531490222224
9.10	-2.576478812505883	-3.402301395754795	-1.798842477815857	-3.180319726624419
9.12	-2.742944447396449	-3.256851269185071	-1.959172442110343	-3.036134599146422
9.14	-2.890621081992829	-3.075430180008122	-2.128098175923347	-2.854401292033380
9.16	-3.016772746527445	-2.872461895090626	-2.298829370722016	-2.649585739391516
9.18	-3.113412428620125	-2.661044028355740	-2.459012162840635	-2.436594431911455
9.20	-3.185195298016595	-2.471472786565409	-2.607521895585296	-2.239496022937380
9.22	-3.222635711747798	-2.281226173226876	-2.732418973754190	-2.064932763792981
9.24	-3.227256232984024	-2.141533288858223	-2.829601636815227	-1.940735131508714
9.26	-3.208087865847106	-2.080285704431492	-2.902024936269592	-1.881323152584260
9.28	-3.157671919053560	-2.091309413735016	-2.945771652750996	-1.892988462108452
9.30	-3.061525726811162	-2.171025301331421	-2.962078830484090	-1.971942526300349
9.32	-2.939661377170794	-2.308809507997228	-2.948648488172839	-2.107597708372759
9.34	-2.799034925000624	-2.486809397337082	-2.906469050659042	-2.284380762487165
9.36	-2.642165946677569	-2.686135923525959	-2.834147801855020	-2.482937628254895
9.38	-2.474848025573539	-2.886716097029644	-2.733594479161322	-2.683597529048685
9.40	-2.303184816088625	-3.072789605554053	-2.611972745655233	-2.871635070896348
9.42	-2.134896072482278	-3.229095473391670	-2.469441065037468	-3.030590299270751
9.44	-1.978769997611295	-3.345190537917599	-2.313264877948533	-3.149899108115171
9.46	-1.846569759063875	-3.416836296004397	-2.150497665184752	-3.226048600571255
9.48	-1.745663594520175	-3.439585536705521	-1.987927901868232	-3.253973617790705
9.50	-1.681181015995001	-3.410627103579473	-1.832028618294141	-3.229188746976849
9.52	-1.660801168226335	-3.334981667408633	-1.693904146513311	-3.155992154518229
9.54	-1.685870125374646	-3.213849241489420	-1.583231052664525	-3.037085927183645
9.56	-1.756998127339271	-3.057095727338470	-1.508199467587988	-2.882188683940130
9.58	-1.868168830753216	-2.875044192648152	-1.471594782340183	-2.701727149740163
9.60	-2.000019023739603	-2.680714492893729	-1.477641239833709	-2.506494757625607
9.62	-2.146869447702168	-2.492611647322114	-1.527176098153411	-2.316547311453822
9.64	-2.308605471330334	-2.332942800067889	-1.616156580994074	-2.149351955205074
9.66	-2.474004820168280	-2.213051644632481	-1.737262657226346	-2.023789559794231
9.68	-2.635153899659940	-2.139058291139474	-1.872031680398670	-1.953279138776361
9.70	-2.782238716751376	-2.133069674289124	-2.021461493994366	-1.946629927255331
9.72	-2.912432147315455	-2.197259802675557	-2.179396528928061	-2.006230274164012
9.74	-3.021651237381919	-2.322830894214986	-2.338811283275569	-2.125095039191164
9.76	-3.104824183369011	-2.492962563762009	-2.489664776671739	-2.288172961986373
9.78	-3.159294581023635	-2.688097620602428	-2.625138792759683	-2.477191918025449
9.80	-3.182924879967648	-2.889323899468682	-2.740798822287010	-2.675008050191094
9.82	-3.178448385918146	-3.082667726487014	-2.836975882636279	-2.866177513549370
9.84	-3.143394243029530	-3.250112846193189	-2.905036544102631	-3.031194433098501
9.86	-3.078051391602070	-3.381052642966777	-2.943987813880284	-3.162807402279017
9.88	-2.987790748423354	-3.472899048454598	-2.955514533060642	-3.253436855058669
9.90	-2.875355445255626	-3.523389802042676	-2.936809094183035	-3.297312462286876
9.92	-2.737296361964386	-3.517024053442869	-2.889226961091570	-3.293143401936547
9.94	-2.573511803628418	-3.447517419380055	-2.814160108833655	-3.241095567376165
9.96	-2.403239597860379	-3.330764331064560	-2.711592825227723	-3.138863540271983
9.98	-2.236135261959768	-3.177098380526481	-2.587708783412141	-2.996187281966986
10.00	-2.078682660163675	-2.995373484252616	-2.443356584971149	-2.823838722348588
10.02	-1.940068210710049	-2.801673499313622	-2.281994060932204	-2.633751953689063
10.04	-1.830321581377611	-2.609205718107526	-2.116970655697593	-2.441854592332026
10.06	-1.756666706376613	-2.436632272215208	-1.958802055274551	-2.269393710817173
10.08	-1.726923377914405	-2.303639890054335	-1.816081722970505	-2.137778269409668
10.10	-1.743231747152023	-2.231049550905285	-1.697257444986174	-2.060633213603009
10.12	-1.804632967683924	-2.233286433621911	-1.614672373994366	-2.053466341229802
10.14	-1.908401605353445	-2.295012921341814	-1.569899899489374	-2.116056507753434
10.16	-2.045499987619992	-2.420280240330359	-1.561768264858492	-2.239182749324139
10.18	-2.206248348662443	-2.596779121187631	-1.600593098903786	-2.404638029316360
10.20	-2.380936213970169	-2.794651931789589	-1.682325129666138	-2.599841591401480
10.22	-2.556996413420354	-2.999861812577109	-1.800397400366147	-2.803732876573923
10.24	-2.728004852542195	-3.196665675008776	-1.946213054928089	-2.997774540026498
10.26	-2.886533416824795	-3.367497878616662	-2.107962713545541	-3.166868248915324
10.28	-3.022148518309393	-3.498067247601409	-2.277827034428930	-3.299327850719424
10.30	-3.129051506301000	-3.579698501191861	-2.446993375947230	-3.382577985198644
10.32	-3.209427355193868	-3.608936461872629	-2.605634744022182	-3.412988138209331
10.34	-3.260421515332873	-3.587462791204004	-2.749003253841720	-3.392392380497789
10.36	-3.277287176236573	-3.519116267364958	-2.866616841153747	-3.322825023698901
10.38	-3.264005092860969	-3.405787721589924	-2.953783832179638	-3.208989557395998
10.40	-3.221323323412309	-3.243308244041305	-3.016037682939046	-3.055602362919745
10.42	-3.142581788880224	-3.052265292202778	-3.046595203562450	-2.873973561788872
10.44	-3.030676710550566	-2.851307438932227	-3.046697021225675	-2.679758997584893
10.46	-2.895418695561473	-2.654867237831117	-3.014720196279070	-2.489355396583984
10.48	-2.742082247470068	-2.480508543036305	-2.951561603774292	-2.323908844431571
10.50	-2.575275689783255	-2.349687666308001	-2.858754548567922	-2.200603204211283
10.52	-2.404483639990918	-2.276769113003594	-2.741154468301446	-2.135223691396268
10.54	-2.237994245419690	-2.273614218753326	-2.603487283378529	-2.132170679196237
10.56	-2.084829925786159	-2.336229796900635	-2.450677653558143	-2.189730766382368
10.58	-1.954626526195654	-2.455571048001888	-2.289993225614035	-2.303632691153288
10.60	-1.857128451063492	-2.612705071393290	-2.129632151240728	-2.457619399329774
10.62	-1.799084095819856	-2.789280475477393	-1.980240366845088	-2.632311236145357
10.64	-1.782536000156816	-2.968156463123277	-1.850499614291516	-2.808588835423886
10.66	-1.807365736126869	-3.131800726465583	-1.747891950324671	-2.973897813544814
10.68	-1.869658593817150	-3.269209185496562	-1.680262042693816	-3.114930919777549
10.70	-1.963842355418033	-3.370401194407795	-1.647503775825987	-3.216460117033057
10.72	-2.083950522755298	-3.430267630432777	-1.647580162728527	-3.272882701839802
10.74	-2.218653500414087	-3.446831167745853	-1.684610974017932	-3.285991159492133
10.76	-2.357011498460813	-3.419926182832923	-1.750879142819208	-3.255326136487147
10.78	-2.493766419297120	-3.356128151626004	-1.844879796904857	-3.185901868506173
10.80	-2.621195574495714	-3.251210372846890	-1.956864605160957	-3.080212096196755
10.82	-2.734913556970725	-3.103071807083567	-2.080927029379339	-2.940718030027730
10.84	-2.829665764748580	-2.930302651041726	-2.207245320337416	-2.780430261563617
10.86	-2.901908991518065	-2.753672253877152	-2.329086661371357	-2.615412648379523
10.88	-2.949593831526961	-2.587633940215406	-2.440377263352649	-2.457818335551908
10.90	-2.970664754169680	-2.443234500852115	-2.537844337127216	-2.320407479380936
10.92	-2.965933209983233	-2.333588494807193	-2.618211145055702	-2.215666503984613
10.94	-2.936502868577801	-2.268851276084144	-2.676911955947428	-2.152978882706407
10.96	-2.885832313789931	-2.255605841901482	-2.710280586825781	-2.139126953065660
10.98	-2.816695787092453	-2.289072226625884	-2.721806979045492	-2.171877753202134
11.00	-2.726582323718930	-2.356718670332909	-2.710470453567651	-2.244668222697355
11.02	-2.619179952672715	-2.455293867707587	-2.678448471324342	-2.341481366286431
11.04	-2.504616988423305	-2.576188737191197	-2.625444480849404	-2.457438649095527
11.06	-2.380300277848029	-2.702608457392210	-2.554268103347991	-2.579748643087219
11.08	-2.252509379408913	-2.824198451362235	-2.469939778930462	-2.697164349725976
11.10	-2.130468985505289	-2.931873405156118	-2.373471129249744	-2.802256031959927
11.12	-2.022003672426213	-3.018942647095662	-2.269802235230423	-2.886762674241906
11.14	-1.932425844587816	-3.078438648156056	-2.160238283868661	-2.945938736828736
11.16	-1.868672170043455	-3.110542971640586	-2.051298278768984	-2.978456912747023
11.18	-1.822132695181934	-3.112057804346299	-1.948242993804160	-2.983091277329002
11.20	-1.780315551550333	-3.083606361042726	-1.853422161488872	-2.958452867754281
11.22	-1.766315805985439	-3.028594628462053	-1.773490761827809	-2.907373606161123
11.24	-1.780326469080960	-2.947600650253978	-1.709630777001017	-2.835478411329577
11.26	-1.817772689433680	-2.848068741707983	-1.663254136636873	-2.751024891685970
11.28	-1.875074493014485	-2.737290251138270	-1.638839227036172	-2.648753395199386
11.30	-1.947941242793286	-2.623268851187726	-1.633877704901139	-2.533972231273864
11.32	-2.032728133466109	-2.514759332392097	-1.650756648581961	-2.425364968012854
11.34	-2.124308719482821	-2.424021583781599	-1.686231940114472	-2.330484891207320
11.36	-2.219384578767345	-2.356476017713685	-1.738190000567583	-2.254780130838077
11.38	-2.314121919520337	-2.305843359229665	-1.802820331283334	-2.203214707068873
11.40	-2.405118854913969	-2.276063535900011	-1.879019045089644	-2.180280718373915
11.42	-2.492580737382454	-2.278734533105644	-1.963737529008958	-2.190749112732604
11.44	-2.574824936778010	-2.317938379235604	-2.052000709340367	-2.232446293364879
11.46	-2.649531830407335	-2.385655668089624	-2.142341129374324	-2.302182982293716
11.48	-2.703746499846476	-2.478838918753717	-2.231057865004006	-2.397057339692446
11.50	-2.732357268017602	-2.590130052198163	-2.316482501843707	-2.504411192894352
11.52	-2.741641899883747	-2.709465391039720	-2.394751423756033	-2.612437237819981
11.54	-2.737504677352451	-2.829291540478238	-2.462327305099384	-2.722725670413487
11.56	-2.720815405516453	-2.941969614006283	-2.511850144760352	-2.826997122105994
11.58	-2.689307938830087	-3.042649941424990	-2.549258498964883	-2.918134370350354
11.60	-2.644277967730870	-3.126792218117825	-2.574590492896562	-2.991392461479810
11.62	-2.585123296889965	-3.181398261761463	-2.586323337443720	-3.041905635071004
11.64	-2.514944616343019	-3.204000369948268	-2.584873602911199	-3.069234123525683
11.66	-2.435702026457402	-3.202543865553589	-2.568242016593305	-3.071563964310986
11.68	-2.347408666777550	-3.177032241870958	-2.534822564218021	-3.048649458243110
11.70	-2.255956248986187	-3.111114653990391	-2.488023531591252	-3.001758370017156
11.72	-2.165203808181511	-3.013683421440390	-2.428040362294249	-2.921440450703305
11.74	-2.079540598502982	-2.900811473518323	-2.356132692171328	-2.816770056025763
11.76	-2.004733877615513	-2.780482972487139	-2.275880006587757	-2.704007563866764
11.78	-1.945191472536435	-2.659884008128943	-2.190284732035901	-2.593302513646015
11.80	-1.907448124599308	-2.552299052467275	-2.107249062024814	-2.492737658528418
11.82	-1.895983822350913	-2.468342639052312	-2.024259121375669	-2.413416179247129
11.84	-1.914148583943452	-2.418559928584791	-1.941752332616409	-2.364520543846350
11.86	-1.968412872024578	-2.408581871194142	-1.873050371731614	-2.354945346657882
11.88	-2.052198069976896	-2.448358818671379	-1.827047482014291	-2.393009823227958
11.90	-2.135796017100186	-2.532899568864056	-1.800580444113428	-2.468837471899596
11.92	-2.231570157145322	-2.661936073945159	-1.805777662532219	-2.588577263666861
11.94	-2.355654919014681	-2.826276393711497	-1.845196418542603	-2.742070111285769
11.96	-2.499171561185227	-3.007169650255316	-1.919434904146794	-2.912570420579486
11.98	-2.652101715788150	-3.193479136833754	-2.014675740723014	-3.082946429702151
12.00	-2.804496109646992	-3.372842605486139	-2.120240558351369	-3.246006327926582