        Frequency / GHz                Eps''_estimated/real
----------------------------------------------------------------------
                       8                     0.003361069
                     8.1                     0.003182629
                     8.2                    0.0032293787
                     8.3                    0.0033510013
                     8.4                    0.0032577218
                     8.5                    0.0052098938
                     8.6                    0.0032398175
                     8.7                    0.0031733584
                     8.8                    0.0033492461
                     8.9                    0.0036885176
                       9                    0.0031442502
                     9.1                    0.0032194206
                     9.2                    0.0034103396
                     9.3                    0.0029961821
                     9.4                    0.0031201662
                     9.5                    0.0030828246
                     9.6                    0.0029433356
                     9.7                    0.0031433502
                     9.8                    0.0031675975
                     9.9                    0.0031827921
                      10                    0.0031812596
                    10.1                    0.0036705844
                    10.2                     0.003732763
                    10.3                    0.0031354495
                    10.4                    0.0030356843
                    10.5                    0.0030398196
                    10.6                    0.0030038093
                    10.7                    0.0030142324
                    10.8                    0.0031756779
                    10.9                    0.0029935966
                      11                    0.0029642658
                    11.1                    0.0028367821
                    11.2                    0.0027614121
                    11.3                    0.0027998179
                    11.4                    0.0028104778
                    11.5                    0.0025326298
                    11.6                    0.0027982456
                    11.7                    0.0028213434
                    11.8                    0.0028197596
                    11.9                    0.0038917583
                      12                    0.0028532703

