        Frequency / GHz                Eps'_estimated/real
----------------------------------------------------------------------
                       8                       3.0744829
                     8.1                       3.0179332
                     8.2                       2.9632284
                     8.3                       2.9101383
                     8.4                       2.8590121
                     8.5                       2.8077512
                     8.6                       2.7599102
                     8.7                       2.7133012
                     8.8                       2.6679887
                     8.9                       2.6230088
                       9                       2.5809628
                     9.1                       2.5387578
                     9.2                       2.4991354
                     9.3                       2.4598286
                     9.4                       2.4217391
                     9.5                       2.3847708
                     9.6                       2.3491296
                     9.7                       2.3140824
                     9.8                        2.280002
                     9.9                       2.2468129
                      10                       2.2147303
                    10.1                       2.1839219
                    10.2                       2.1515116
                    10.3                       2.1224879
                    10.4                       2.0936096
                    10.5                        2.065276
                    10.6                       2.0377178
                    10.7                       2.0109169
                    10.8                       1.9845996
                    10.9                       1.9590526
                      11                       1.9340296
                    11.1                       1.9097248
                    11.2                       1.8860682
                    11.3                       1.8628975
                    11.4                       1.8401015
                    11.5                       1.8182705
                    11.6                       1.7965992
                    11.7                       1.7752941
                    11.8                       1.7550779
                    11.9                       1.7337962
                      12                       1.7142978

