        Frequency / GHz                tgD_estimated/real
----------------------------------------------------------------------
                       8                    0.0010932144
                     8.1                    0.0010545724
                     8.2                    0.0010898177
                     8.3                    0.0011514921
                     8.4                    0.0011394571
                     8.5                    0.0018555397
                     8.6                    0.0011738851
                     8.7                    0.0011695562
                     8.8                    0.0012553449
                     8.9                    0.0014062163
                       9                     0.001218247
                     9.1                    0.0012681086
                     9.2                    0.0013646078
                     9.3                    0.0012180451
                     9.4                     0.001288399
                     9.5                    0.0012927132
                     9.6                    0.0012529473
                     9.7                    0.0013583571
                     9.8                    0.0013892959
                     9.9                    0.0014165809
                      10                    0.0014364095
                    10.1                    0.0016807306
                    10.2                    0.0017349491
                    10.3                     0.001477252
                    10.4                    0.0014499763
                    10.5                    0.0014718708
                    10.6                    0.0014741046
                    10.7                    0.0014989343
                    10.8                    0.0016001605
                    10.9                    0.0015280838
                      11                    0.0015326889
                    11.1                    0.0014854403
                    11.2                    0.0014641104
                    11.3                    0.0015029371
                    11.4                    0.0015273493
                    11.5                    0.0013928785
                    11.6                    0.0015575236
                    11.7                    0.0015892259
                    11.8                    0.0016066293
                    11.9                    0.0022446457
                      12                    0.0016643959

